1 0.9541041666666668 0.6186388888888888 0.025390625 0.061342592592592594
1 0.954125 0.6185925925925926 0.022838541666666667 0.05912037037037037
1 0.9541510416666666 0.619 0.023046875 0.059833333333333336
1 0.9544270833333334 0.6209537037037037 0.024739583333333332 0.061342592592592594
1 0.9544322916666667 0.6209444444444444 0.0234375 0.059027777777777776
1 0.954859375 0.6208888888888888 0.024307291666666668 0.058638888888888886
1 0.95428125 0.6213981481481482 0.023151041666666667 0.05762037037037037
1 0.9542864583333334 0.6224259259259259 0.023151041666666667 0.05967592592592593
1 0.9548697916666666 0.6224259259259259 0.024307291666666668 0.05967592592592593
1 0.9550833333333333 0.6238425925925926 0.024739583333333332 0.0625
1 0.9547552083333334 0.625 0.024088541666666668 0.06018518518518518
1 0.9550833333333333 0.625 0.0234375 0.0625
1 0.9550833333333333 0.6273148148148148 0.0234375 0.0625
1 0.9553020833333333 0.6277037037037037 0.022567708333333332 0.060953703703703704
1 0.9557291666666666 0.6277037037037037 0.023432291666666667 0.060953703703703704
1 0.955734375 0.6292407407407408 0.0225625 0.05787037037037037
1 0.9559479166666667 0.6296203703703703 0.023 0.06018518518518518
1 0.9559531250000001 0.6311666666666667 0.023864583333333335 0.060194444444444446
1 0.9559531250000001 0.6319351851851852 0.022130208333333335 0.0602037037037037
1 0.9561302083333333 0.6321296296296297 0.022838541666666667 0.05912037037037037
1 0.9559270833333334 0.6328425925925926 0.02323958333333333 0.0605462962962963
1 0.9561354166666667 0.6335648148148149 0.02284375 0.0577037037037037
1 0.9563489583333333 0.634287037037037 0.022442708333333335 0.0577037037037037
1 0.9567604166666667 0.6350092592592592 0.022447916666666668 0.05771296296296296
1 0.9567708333333333 0.6357314814814815 0.022453125 0.05771296296296296
1 0.9567760416666666 0.6361111111111111 0.022453125 0.05843518518518519
1 0.9569791666666667 0.6368425925925926 0.022057291666666666 0.059861111111111115
1 0.9567708333333333 0.6368425925925926 0.023265625 0.059870370370370365
1 0.9567760416666666 0.6386388888888889 0.023270833333333334 0.059166666666666666
1 0.9567552083333334 0.638287037037037 0.023046875 0.059833333333333336
1 0.95696875 0.6394537037037037 0.023484375000000002 0.06060185185185185
1 0.9565312499999999 0.6402314814814816 0.023484375000000002 0.0590462962962963
1 0.9568125 0.6415925925925926 0.023005208333333336 0.056324074074074075
1 0.9565989583333334 0.6415925925925926 0.0234375 0.05787037037037037
1 0.9563802083333334 0.6423611111111112 0.023869791666666664 0.05787037037037037
1 0.9563802083333334 0.6429444444444444 0.026041666666666668 0.059027777777777776
1 0.9560572916666668 0.6446759259259259 0.025390625 0.05787037037037037
1 0.9560572916666668 0.6446759259259259 0.025390625 0.05787037037037037
1 0.9557291666666666 0.6458333333333334 0.024739583333333332 0.05787037037037037
1 0.955078125 0.6464166666666666 0.024739583333333332 0.061342592592592594
1 0.955078125 0.6458333333333334 0.024739583333333332 0.05787037037037037
1 0.9547552083333334 0.6452592592592593 0.025390625 0.061342592592592594
1 0.95540625 0.6469907407407407 0.025390625 0.06018518518518518
1 0.9547552083333334 0.6469907407407407 0.025390625 0.06018518518518518
1 0.9547552083333334 0.6475740740740741 0.025390625 0.061342592592592594
1 0.9537760416666666 0.6469907407407407 0.024739583333333332 0.06018518518518518
1 0.9537760416666666 0.6475740740740741 0.026041666666666668 0.061342592592592594
1 0.9537760416666666 0.6481481481481481 0.026041666666666668 0.06018518518518518
1 0.953453125 0.6493055555555556 0.024088541666666668 0.06018518518518518
1 0.9531302083333333 0.6487222222222222 0.0234375 0.059027777777777776
1 0.9524739583333334 0.6498888888888888 0.0234375 0.059027777777777776
1 0.9522604166666666 0.650712962962963 0.02372916666666667 0.06069444444444444
1 0.95196875 0.6512314814814815 0.025463541666666666 0.059666666666666666
1 0.9516770833333333 0.6512129629629629 0.023723958333333333 0.06172222222222222
1 0.9510989583333332 0.6507222222222222 0.024885416666666667 0.058638888888888886
1 0.9510989583333332 0.6517499999999999 0.024885416666666667 0.058638888888888886
1 0.9502291666666667 0.6527777777777778 0.025463541666666666 0.058638888888888886
1 0.9496510416666666 0.6527777777777778 0.024307291666666668 0.058638888888888886
1 0.9493645833333333 0.6527777777777778 0.024885416666666667 0.058638888888888886
1 0.9490729166666667 0.6538148148148148 0.024307291666666668 0.058638888888888886
1 0.9487864583333334 0.6532962962962963 0.024885416666666667 0.05761111111111111
1 0.9479166666666666 0.654324074074074 0.024307291666666668 0.059666666666666666
1 0.947625 0.6538055555555555 0.026041666666666668 0.058638888888888886
1 0.947046875 0.654324074074074 0.024885416666666667 0.059666666666666666
1 0.9467604166666667 0.6553518518518519 0.025463541666666666 0.061731481481481484
1 0.9461822916666667 0.6558611111111111 0.025463541666666666 0.058638888888888886
1 0.945890625 0.6558611111111111 0.024885416666666667 0.060703703703703704
1 0.9453125 0.656888888888889 0.024885416666666667 0.060703703703703704
1 0.9453125 0.656888888888889 0.024885416666666667 0.060703703703703704
1 0.94415625 0.6558611111111111 0.024885416666666667 0.060703703703703704
1 0.943 0.6558611111111111 0.024885416666666667 0.060703703703703704
1 0.943 0.6558611111111111 0.024885416666666667 0.060703703703703704
1 0.943 0.6558611111111111 0.024885416666666667 0.060703703703703704
1 0.9424218750000001 0.6579166666666666 0.024885416666666667 0.060703703703703704
1 0.94184375 0.6579166666666666 0.024885416666666667 0.060703703703703704
1 0.941265625 0.6589444444444444 0.024885416666666667 0.060703703703703704
1 0.941265625 0.6589444444444444 0.024885416666666667 0.060703703703703704
1 0.940109375 0.6589444444444444 0.024885416666666667 0.060703703703703704
1 0.940109375 0.6589444444444444 0.024885416666666667 0.060703703703703704
1 0.93953125 0.6589444444444444 0.024885416666666667 0.060703703703703704
1 0.9383750000000001 0.6589444444444444 0.024885416666666667 0.060703703703703704
1 0.9383750000000001 0.6589444444444444 0.024885416666666667 0.060703703703703704
1 0.9383750000000001 0.6589444444444444 0.024885416666666667 0.060703703703703704
1 0.93721875 0.6599722222222222 0.024885416666666667 0.060703703703703704
1 0.936640625 0.6599722222222222 0.024885416666666667 0.060703703703703704
1 0.9360625 0.6615185185185186 0.024885416666666667 0.06378703703703703
1 0.9360625 0.6625462962962962 0.024885416666666667 0.06378703703703703
1 0.9349062499999999 0.6635740740740741 0.024885416666666667 0.06378703703703703
1 0.9343281250000001 0.6635740740740741 0.024885416666666667 0.06378703703703703
1 0.9334583333333334 0.6630648148148148 0.025463541666666666 0.06275925925925926
1 0.9328802083333334 0.6630648148148148 0.025463541666666666 0.06275925925925926
1 0.9323020833333333 0.6640925925925926 0.026619791666666667 0.06275925925925926
1 0.9311458333333333 0.6640925925925926 0.026619791666666667 0.06275925925925926
1 0.9311458333333333 0.6640925925925926 0.026619791666666667 0.06275925925925926
1 0.9299895833333333 0.6651203703703704 0.026619791666666667 0.06275925925925926
1 0.9294114583333334 0.6661481481481482 0.026619791666666667 0.06275925925925926
1 0.9282552083333333 0.6661481481481482 0.026619791666666667 0.06275925925925926
1 0.9276770833333334 0.6671759259259259 0.026619791666666667 0.06275925925925926
1 0.9270989583333333 0.6671759259259259 0.025463541666666666 0.06275925925925926
1 0.9264375 0.6689814814814815 0.028645833333333332 0.06712962962962964
1 0.9264375 0.6689814814814815 0.028645833333333332 0.06712962962962964
1 0.9251354166666667 0.6689814814814815 0.028645833333333332 0.06712962962962964
1 0.9238333333333333 0.6701388888888888 0.028645833333333332 0.06712962962962964
1 0.92253125 0.6701388888888888 0.028645833333333332 0.06712962962962964
1 0.92253125 0.6701388888888888 0.028645833333333332 0.06712962962962964
1 0.9212291666666667 0.6701388888888888 0.028645833333333332 0.06712962962962964
1 0.920578125 0.6712962962962963 0.028645833333333332 0.06712962962962964
1 0.9199270833333333 0.6712962962962963 0.028645833333333332 0.06712962962962964
1 0.9192760416666667 0.6736111111111112 0.028645833333333332 0.06712962962962964
1 0.918625 0.6736111111111112 0.028645833333333332 0.06712962962962964
1 0.9173229166666667 0.6736111111111112 0.028645833333333332 0.06712962962962964
1 0.916671875 0.6747685185185185 0.028645833333333332 0.06712962962962964
1 0.9160208333333333 0.6759259259259259 0.028645833333333332 0.06712962962962964
1 0.9153697916666667 0.6776666666666666 0.028645833333333332 0.06828703703703703
1 0.9140677083333333 0.6776666666666666 0.028645833333333332 0.06828703703703703
1 0.9134166666666667 0.6776666666666666 0.028645833333333332 0.06828703703703703
1 0.9121145833333333 0.6776666666666666 0.028645833333333332 0.06828703703703703
1 0.9114635416666667 0.6788240740740741 0.028645833333333332 0.06828703703703703
1 0.9108125 0.6799814814814815 0.028645833333333332 0.06828703703703703
1 0.9101614583333333 0.6805555555555556 0.028645833333333332 0.06712962962962964
1 0.908859375 0.6805555555555556 0.028645833333333332 0.06712962962962964
1 0.9082083333333333 0.6805555555555556 0.028645833333333332 0.06712962962962964
1 0.9075572916666667 0.6817129629629629 0.028645833333333332 0.06712962962962964
1 0.9062552083333333 0.6828703703703703 0.028645833333333332 0.06712962962962964
1 0.9056041666666667 0.6834537037037037 0.029947916666666668 0.06828703703703703
1 0.9043020833333333 0.6834537037037037 0.029947916666666668 0.06828703703703703
1 0.9036510416666667 0.6857685185185185 0.029947916666666668 0.06828703703703703
1 0.902671875 0.6857685185185185 0.030598958333333332 0.06828703703703703
1 0.9020208333333334 0.6857685185185185 0.030598958333333332 0.06828703703703703
1 0.90071875 0.6880833333333334 0.029296875 0.06828703703703703
1 0.89909375 0.6875 0.029947916666666668 0.06712962962962964
1 0.8984427083333333 0.6886574074074074 0.029947916666666668 0.06944444444444445
1 0.897140625 0.6898148148148148 0.029947916666666668 0.06944444444444445
1 0.8964895833333333 0.6909722222222222 0.029947916666666668 0.06944444444444445
1 0.8951875 0.6909722222222222 0.029947916666666668 0.06944444444444445
1 0.8938854166666667 0.6909722222222222 0.029947916666666668 0.06944444444444445
1 0.893234375 0.6932870370370371 0.029947916666666668 0.06944444444444445
1 0.8919322916666667 0.6932870370370371 0.029947916666666668 0.06944444444444445
1 0.8906302083333333 0.6944444444444444 0.029947916666666668 0.06944444444444445
1 0.8899791666666667 0.6948333333333333 0.029078125 0.06866666666666667
1 0.8886770833333333 0.6963796296296296 0.029078125 0.06866666666666667
1 0.887375 0.6963796296296296 0.029078125 0.06866666666666667
1 0.8858541666666666 0.699462962962963 0.029510416666666664 0.07329629629629629
1 0.884984375 0.6979166666666666 0.029510416666666664 0.06866666666666667
1 0.8836822916666667 0.699462962962963 0.029510416666666664 0.06866666666666667
1 0.8823802083333334 0.699462962962963 0.029510416666666664 0.06866666666666667
1 0.8815104166666666 0.7010092592592593 0.029510416666666664 0.06866666666666667
1 0.8797760416666667 0.7017777777777777 0.029510416666666664 0.06866666666666667
1 0.87890625 0.7025462962962963 0.029510416666666664 0.06866666666666667
1 0.876953125 0.7044814814814815 0.029072916666666667 0.06944444444444445
1 0.8763020833333334 0.7044814814814815 0.030375 0.06944444444444445
1 0.8745677083333334 0.7052499999999999 0.030375 0.06944444444444445
1 0.873265625 0.7067962962962964 0.030375 0.06944444444444445
1 0.8719635416666667 0.7067962962962964 0.030375 0.06944444444444445
1 0.8702291666666666 0.7083425925925926 0.030375 0.06944444444444445
1 0.8689270833333332 0.7091111111111111 0.030375 0.06944444444444445
1 0.8671927083333333 0.7098796296296296 0.030375 0.06944444444444445
1 0.8663229166666666 0.7098796296296296 0.030375 0.06944444444444445
1 0.8645885416666667 0.7106481481481481 0.031244791666666667 0.06944444444444445
1 0.86371875 0.7121851851851851 0.031244791666666667 0.07099074074074074
1 0.861546875 0.7129537037037037 0.031244791666666667 0.07099074074074074
1 0.8600260416666666 0.7145 0.031677083333333335 0.07099074074074074
1 0.8587239583333334 0.7152685185185186 0.031677083333333335 0.07253703703703704
1 0.8565520833333333 0.7168148148148148 0.031677083333333335 0.07253703703703704
1 0.8548177083333334 0.7175833333333334 0.031677083333333335 0.07253703703703704
1 0.8530833333333334 0.7175833333333334 0.031677083333333335 0.07253703703703704
1 0.8522135416666666 0.7191296296296296 0.031677083333333335 0.07253703703703704
1 0.8500416666666666 0.7198981481481481 0.031677083333333335 0.07253703703703704
1 0.8483072916666666 0.7210555555555556 0.032546875 0.07330555555555555
1 0.8463541666666666 0.7226018518518518 0.032984374999999996 0.07175925925925926
1 0.8446197916666667 0.7233703703703703 0.032984374999999996 0.07175925925925926
1 0.8428854166666666 0.7249166666666667 0.032984374999999996 0.07175925925925926
1 0.8415833333333332 0.726462962962963 0.032984374999999996 0.07175925925925926
1 0.838546875 0.726462962962963 0.032984374999999996 0.07175925925925926
1 0.8372447916666667 0.726462962962963 0.032984374999999996 0.07175925925925926
1 0.8352916666666667 0.7280092592592593 0.033416666666666664 0.07330555555555555
1 0.8331197916666666 0.7280092592592593 0.033416666666666664 0.07330555555555555
1 0.8313854166666667 0.7287777777777779 0.033416666666666664 0.07330555555555555
1 0.8294322916666667 0.7310925925925926 0.03384895833333333 0.07485185185185185
1 0.8326875 0.7229907407407408 0.023864583333333335 0.060194444444444446
1 0.824875 0.7330185185185185 0.03515104166666667 0.07562962962962963
1 0.8231406250000001 0.7330185185185185 0.03515104166666667 0.07562962962962963
1 0.8201041666666666 0.7337870370370371 0.03515104166666667 0.07717592592592593
1 0.8183697916666667 0.7353333333333333 0.03515104166666667 0.07717592592592593
1 0.8161979166666666 0.7357222222222223 0.03515104166666667 0.0748611111111111
1 0.81359375 0.7357222222222223 0.03515104166666667 0.0748611111111111
1 0.8114218750000001 0.7372685185185185 0.03515104166666667 0.0748611111111111
1 0.8088177083333333 0.738037037037037 0.03515104166666667 0.0748611111111111
1 0.8062135416666667 0.7388055555555555 0.03515104166666667 0.0748611111111111
1 0.803390625 0.7407314814814815 0.036453124999999996 0.07409259259259258
1 0.80121875 0.7418888888888889 0.036453124999999996 0.07640740740740741
1 0.7981822916666667 0.7426574074074075 0.036453124999999996 0.07640740740740741
1 0.7960104166666666 0.7426574074074075 0.036453124999999996 0.07640740740740741
1 0.79340625 0.7442037037037037 0.036453124999999996 0.07640740740740741
1 0.7910208333333333 0.7453611111111111 0.036885416666666664 0.07872222222222222
1 0.7884166666666667 0.7476759259259259 0.036885416666666664 0.07872222222222222
1 0.7862447916666666 0.7484444444444445 0.036885416666666664 0.07872222222222222
1 0.7840729166666667 0.7492129629629629 0.036885416666666664 0.07872222222222222
1 0.7816875 0.7496018518518519 0.03731770833333334 0.07949074074074074
1 0.7788489583333333 0.751074074074074 0.03846354166666666 0.07906481481481481
1 0.776046875 0.751787037037037 0.03846354166666666 0.07906481481481481
1 0.7736406250000001 0.7525000000000001 0.03846354166666666 0.07906481481481481
1 0.771234375 0.7539259259259259 0.03846354166666666 0.07906481481481481
1 0.7692291666666667 0.7549907407407407 0.03846354166666666 0.08120370370370371
1 0.7670260416666667 0.7567685185185185 0.038864583333333334 0.08191666666666667
1 0.7646197916666666 0.7581944444444445 0.038864583333333334 0.08191666666666667
1 0.7612135416666667 0.7589074074074074 0.039265625 0.08191666666666667
1 0.7592083333333334 0.7603333333333333 0.039265625 0.08191666666666667
1 0.75640625 0.7617592592592592 0.040067708333333334 0.0833425925925926
1 0.7536041666666667 0.7617592592592592 0.04086979166666667 0.08191666666666667
1 0.7508020833333333 0.7624722222222222 0.04086979166666667 0.08191666666666667
1 0.7483958333333334 0.7646111111111111 0.04086979166666667 0.08191666666666667
1 0.7457916666666667 0.765324074074074 0.04127083333333333 0.0833425925925926
1 0.7429895833333333 0.767462962962963 0.04127083333333333 0.0833425925925926
1 0.7403854166666667 0.7678148148148148 0.041671875000000004 0.08405555555555555
1 0.7371822916666667 0.7692407407407407 0.04247395833333333 0.08405555555555555
1 0.7339791666666666 0.7699537037037036 0.04247395833333333 0.08405555555555555
1 0.7311770833333333 0.7713796296296297 0.04247395833333333 0.08405555555555555
1 0.7285729166666666 0.7742314814814815 0.042874999999999996 0.08405555555555555
1 0.7253645833333333 0.7749444444444445 0.04367708333333333 0.08548148148148148
1 0.7225625 0.7770833333333333 0.04367708333333333 0.08548148148148148
1 0.7197604166666667 0.7777962962962963 0.04367708333333333 0.08548148148148148
1 0.7165572916666666 0.7785092592592592 0.04367708333333333 0.08548148148148148
1 0.7137552083333334 0.7806481481481482 0.04367708333333333 0.08548148148148148
1 0.710953125 0.782074074074074 0.04367708333333333 0.08548148148148148
1 0.7077500000000001 0.7838518518518518 0.04447916666666667 0.08762037037037036
1 0.704546875 0.7845648148148149 0.04447916666666667 0.08762037037037036
1 0.7011406250000001 0.7859907407407407 0.04488020833333333 0.0890462962962963
1 0.6981354166666667 0.7874166666666667 0.04528125 0.0890462962962963
1 0.694328125 0.7899166666666667 0.045682291666666666 0.08833333333333333
1 0.6907239583333333 0.7916944444444444 0.046484375 0.0890462962962963
1 0.6871197916666667 0.7941851851851852 0.04728645833333334 0.09118518518518519
1 0.683515625 0.7956111111111112 0.04728645833333334 0.09118518518518519
1 0.6803125 0.7977500000000001 0.04728645833333334 0.09118518518518519
1 0.6775104166666667 0.7991759259259259 0.04728645833333334 0.09118518518518519
1 0.67390625 0.8013148148148148 0.04728645833333334 0.09118518518518519
1 0.6703020833333333 0.8027407407407408 0.04728645833333334 0.09118518518518519
1 0.667296875 0.8041666666666667 0.0476875 0.0926111111111111
1 0.6632916666666666 0.8070185185185186 0.0476875 0.0926111111111111
1 0.6596875 0.8087962962962963 0.049291666666666664 0.09332407407407407
1 0.6556822916666667 0.8102222222222222 0.050093750000000006 0.09332407407407407
1 0.6524791666666666 0.8130740740740741 0.050093750000000006 0.09332407407407407
1 0.6484739583333333 0.8145 0.050093750000000006 0.09332407407407407
1 0.6448697916666667 0.8162777777777778 0.050895833333333335 0.09403703703703704
1 0.6408645833333334 0.8184166666666667 0.050895833333333335 0.09403703703703704
1 0.6370572916666667 0.8205555555555556 0.052098958333333334 0.09546296296296296
1 0.6334531250000001 0.8234074074074074 0.052098958333333334 0.09546296296296296
1 0.6298489583333333 0.8248333333333334 0.052098958333333334 0.09546296296296296
1 0.6260416666666667 0.8269722222222222 0.0525 0.09831481481481483
1 0.6218333333333333 0.8283981481481482 0.053703125 0.09546296296296296
1 0.6182291666666667 0.83125 0.05450520833333334 0.09831481481481483
1 0.6138229166666667 0.8333888888888888 0.05530729166666667 0.09831481481481483
1 0.6098177083333333 0.8355277777777778 0.05530729166666667 0.09831481481481483
1 0.6060104166666667 0.8376666666666667 0.05570833333333333 0.10116666666666667
1 0.6016041666666666 0.8412314814814814 0.05570833333333333 0.10116666666666667
1 0.5984010416666667 0.8426574074074075 0.05570833333333333 0.10116666666666667
1 0.5939947916666667 0.8447962962962963 0.05570833333333333 0.10116666666666667
1 0.5895885416666666 0.8455092592592592 0.05570833333333333 0.10116666666666667
1 0.5855833333333333 0.8490740740740741 0.05570833333333333 0.10116666666666667
1 0.5809739583333333 0.8512129629629629 0.057708333333333334 0.10401851851851852
1 0.57696875 0.8540648148148148 0.057708333333333334 0.10401851851851852
1 0.5725625 0.8554907407407407 0.05851041666666667 0.10401851851851852
1 0.5677552083333333 0.8576296296296296 0.05851041666666667 0.10401851851851852
1 0.5633489583333334 0.8597685185185184 0.0593125 0.10544444444444444
1 0.5589427083333334 0.8626203703703703 0.06011458333333333 0.10544444444444444
1 0.5543333333333333 0.8647592592592593 0.06131770833333334 0.1082962962962963
1 0.5495260416666666 0.8683240740740741 0.06131770833333334 0.1082962962962963
1 0.5451197916666667 0.8683240740740741 0.06131770833333334 0.1082962962962963
1 0.5403125000000001 0.8722407407407408 0.06211979166666667 0.10900925925925926
1 0.5351041666666667 0.8733055555555556 0.062921875 0.1082962962962963
1 0.5308958333333333 0.8765092592592593 0.064125 0.10900925925925926
1 0.5256875 0.879712962962963 0.064125 0.11114814814814815
1 0.5210781250000001 0.8814907407407407 0.06452604166666667 0.11186111111111112
1 0.51546875 0.8857685185185186 0.065328125 0.11186111111111112
1 0.5110625 0.8879074074074075 0.06613020833333333 0.11186111111111112
1 0.5054531250000001 0.8900462962962963 0.06613020833333333 0.11186111111111112
1 0.5002447916666667 0.89325 0.06693229166666666 0.11257407407407408
1 0.49563541666666666 0.8964537037037037 0.06813541666666666 0.11328703703703703
1 0.48962500000000003 0.8993055555555556 0.06893750000000001 0.11328703703703703
1 0.4848177083333333 0.9025092592592593 0.06973958333333334 0.11542592592592592
1 0.479609375 0.9046481481481481 0.07054166666666667 0.11542592592592592
1 0.4744010416666667 0.9067870370370371 0.07054166666666667 0.11685185185185186
1 0.4691927083333333 0.9107037037037037 0.07054166666666667 0.11899074074074073
1 0.4637864583333334 0.9135555555555556 0.07174479166666667 0.11899074074074073
1 0.4579791666666667 0.9156944444444445 0.07294791666666667 0.11899074074074073
1 0.45236979166666663 0.9171203703703704 0.07294791666666667 0.11899074074074073
1 0.44676041666666666 0.9206851851851852 0.07294791666666667 0.11899074074074073
1 0.4411510416666667 0.92425 0.07455208333333332 0.1218425925925926
1 0.43534375000000003 0.9263888888888889 0.07575520833333332 0.1218425925925926
1 0.42953125000000003 0.9299537037037037 0.07695833333333332 0.12326851851851851
1 0.4243229166666667 0.9320925925925926 0.07695833333333332 0.12326851851851851
1 0.4183125 0.9356574074074074 0.07776041666666668 0.12326851851851851
1 0.41230208333333335 0.9383611111111111 0.07776041666666668 0.12326851851851851
1 0.4064947916666667 0.9394351851851852 0.079765625 0.12112962962962963
1 0.40048437499999995 0.9408611111111111 0.079765625 0.11827777777777777
1 0.39407291666666666 0.941574074074074 0.08136979166666666 0.11685185185185186
1 0.388265625 0.9426388888888888 0.08177083333333333 0.11471296296296296
1 0.381453125 0.9444259259259259 0.083375 0.11114814814814815
1 0.37559375 0.9450092592592593 0.08467708333333333 0.10999074074074075
1 0.36929687499999997 0.9465462962962963 0.08424479166666667 0.1069074074074074
1 0.36321875 0.9484722222222222 0.08424479166666667 0.1030462962962963
1 0.35670833333333335 0.94925 0.08597916666666668 0.1015
1 0.35019791666666666 0.9507962962962963 0.08771354166666666 0.09841666666666667
1 0.3436875 0.9519537037037036 0.08771354166666666 0.09610185185185185
1 0.33760937500000004 0.9534907407407407 0.08858333333333333 0.09300925925925926
1 0.3304479166666667 0.9550370370370371 0.08988541666666668 0.08992592592592594
1 0.32393750000000004 0.9565833333333332 0.09075520833333334 0.0868425925925926
1 0.31699479166666666 0.9581203703703703 0.091625 0.08375
1 0.31026562500000004 0.9588981481481481 0.09292708333333333 0.08220370370370371
1 0.302671875 0.9604444444444444 0.09422916666666666 0.07912037037037037
1 0.29616145833333335 0.9616018518518519 0.09422916666666666 0.07679629629629629
1 0.28921874999999997 0.9627592592592592 0.09509895833333333 0.07448148148148148
1 0.28140624999999997 0.965462962962963 0.09683333333333333 0.06908333333333333
1 0.27402604166666666 0.9662314814814814 0.097703125 0.06753703703703703
1 0.2670833333333333 0.9677777777777778 0.09857291666666666 0.06445370370370371
1 0.26035416666666666 0.9693148148148147 0.09900520833333333 0.06136111111111111
1 0.2523229166666667 0.9704814814814814 0.10030729166666667 0.0590462962962963
1 0.2458125 0.9724074074074075 0.10030729166666667 0.055185185185185184
1 0.23843229166666668 0.9739537037037036 0.10204166666666666 0.05210185185185186
1 0.23083854166666665 0.9758796296296297 0.10247916666666666 0.048240740740740744
1 0.22280729166666668 0.977037037037037 0.10378124999999999 0.045925925925925926
1 0.2145625 0.9781944444444445 0.105515625 0.043611111111111114
1 0.20761979166666666 0.9801203703703704 0.105515625 0.03975
0
0
0
0
0
0
0
0
0
0
0
0
0
0
0
0
0
0
0
0
0
0
0
0
0
0
0
0
0
0
0
0
0
0
0
0
0
0
0
0
0
0
0
0
0
0
0
0
0
0
0
0
0
0
0
0
0
0
0
0
0
0
0
0
0
0
0
0
0
0
0
0
0
0
0
0
0
0
0
0
0
0
0
0
0
0
0
0
0
0
0
0
0
0
0
0
0
0
0
0
0
0
0
0
0
0
0
0
0
0
0
0
0
0
0
0
0
0
0
0
0
0
0
0
0
0
0
0
0
0
0
0
0
0
0
0
0
0
0
0
0
0
0
0
0
0
0
0
0
0
0
0
0
0
0
0
0
0
0
0
0
1 0.004557291666666667 0.5787037037037037 0.009114583333333334 0.07175925925925926
1 0.005859375 0.5804444444444444 0.01171875 0.0775462962962963
1 0.007489583333333333 0.5804444444444444 0.014973958333333334 0.0775462962962963
1 0.009770833333333334 0.5804444444444444 0.01953125 0.0775462962962963
1 0.012046875 0.5816018518518519 0.024088541666666668 0.08217592592592593
1 0.013348958333333332 0.5815925925925925 0.026692708333333332 0.08217592592592593
1 0.015302083333333332 0.5833333333333334 0.030598958333333332 0.08564814814814815
1 0.017255208333333334 0.5839166666666666 0.034505208333333336 0.08912037037037036
1 0.019208333333333334 0.5862314814814815 0.038411458333333336 0.08912037037037036
1 0.020838541666666665 0.5862314814814815 0.041666666666666664 0.08912037037037036
1 0.023770833333333335 0.5868055555555556 0.043619791666666664 0.09259259259259259
1 0.027348958333333333 0.5891203703703703 0.044270833333333336 0.09259259259259259
1 0.03125520833333333 0.5914351851851852 0.044270833333333336 0.09259259259259259
1 0.03548958333333333 0.5925925925925926 0.044921875 0.09259259259259259
1 0.03939583333333333 0.59375 0.044921875 0.09259259259259259
1 0.042645833333333334 0.5954907407407407 0.046223958333333336 0.09606481481481481
1 0.046552083333333334 0.5989629629629629 0.046223958333333336 0.09606481481481481
1 0.04980729166666666 0.5989629629629629 0.046223958333333336 0.09606481481481481
1 0.05371354166666666 0.6001203703703704 0.046223958333333336 0.09606481481481481
1 0.058270833333333334 0.6012777777777778 0.046223958333333336 0.09606481481481481
1 0.062177083333333334 0.6012777777777778 0.046223958333333336 0.09606481481481481
1 0.06608333333333333 0.6059074074074075 0.046223958333333336 0.09606481481481481
1 0.06998958333333333 0.6070648148148148 0.046223958333333336 0.09606481481481481
1 0.07389583333333333 0.6082222222222222 0.047526041666666664 0.09606481481481481
1 0.078125 0.6093796296296297 0.048177083333333336 0.09606481481481481
1 0.082359375 0.610537037037037 0.048828125 0.09606481481481481
1 0.086265625 0.6134259259259259 0.050130208333333336 0.09953703703703703
1 0.08998958333333333 0.6152222222222222 0.05034895833333333 0.09670370370370371
1 0.09519791666666667 0.61625 0.05034895833333333 0.09670370370370371
1 0.09925 0.6177962962962963 0.05034895833333333 0.09978703703703704
1 0.10388020833333332 0.6208796296296296 0.05034895833333333 0.09978703703703704
1 0.10677604166666667 0.6229351851851852 0.05034895833333333 0.09978703703703704
1 0.11111458333333334 0.6234537037037038 0.05092708333333333 0.10081481481481482
1 0.11632291666666666 0.6255092592592593 0.05092708333333333 0.10081481481481482
1 0.120375 0.6285925925925926 0.05092708333333333 0.10081481481481482
1 0.125 0.6291111111111112 0.052083333333333336 0.10185185185185185
1 0.12991666666666665 0.6316851851851852 0.05150520833333334 0.10082407407407408
1 0.13426041666666666 0.6332314814814815 0.05323958333333333 0.10185185185185185
1 0.13917708333333334 0.6358055555555555 0.05381770833333333 0.10287962962962963
1 0.14438541666666668 0.6368333333333334 0.05381770833333333 0.10287962962962963
1 0.1484375 0.6399166666666667 0.05381770833333333 0.10287962962962963
1 0.15364583333333334 0.6409444444444444 0.056130208333333334 0.10493518518518519
1 0.15885416666666666 0.643 0.05497395833333333 0.10493518518518519
1 0.16319270833333333 0.6450555555555555 0.05555208333333333 0.10493518518518519
1 0.16810937499999998 0.6471111111111111 0.056130208333333334 0.10493518518518519
1 0.17332291666666666 0.649175925925926 0.05613541666666667 0.10493518518518519
1 0.17853124999999997 0.6527777777777778 0.057291666666666664 0.10801851851851851
1 0.18316145833333333 0.6527777777777778 0.057291666666666664 0.10801851851851851
1 0.18779166666666666 0.6558611111111111 0.057291666666666664 0.10801851851851851
1 0.19270833333333334 0.6589444444444444 0.05902604166666667 0.10801851851851851
1 0.19791666666666666 0.661 0.060182291666666665 0.11007407407407407
1 0.203125 0.6620277777777778 0.060182291666666665 0.11007407407407407
1 0.20775520833333333 0.6661388888888888 0.060182291666666665 0.11007407407407407
1 0.21354166666666666 0.6671666666666667 0.060182291666666665 0.11007407407407407
1 0.219328125 0.6712777777777778 0.06133854166666666 0.11212962962962962
1 0.22540624999999997 0.6728148148148148 0.06191666666666666 0.11110185185185184
1 0.23061458333333332 0.6738425925925926 0.06307291666666666 0.1131574074074074
1 0.23640104166666667 0.6769259259259259 0.06307291666666666 0.11726851851851852
1 0.241609375 0.6795 0.06422916666666666 0.11418518518518518
1 0.24739583333333334 0.6815555555555556 0.06422916666666666 0.11418518518518518
1 0.25347395833333336 0.6851574074074074 0.06480729166666667 0.11521296296296298
1 0.25926041666666666 0.687212962962963 0.06596354166666667 0.11521296296296298
1 0.26533854166666665 0.691324074074074 0.06654166666666667 0.11726851851851852
1 0.2714166666666667 0.6944074074074075 0.06711979166666666 0.11932407407407408
1 0.27749479166666663 0.6974907407407407 0.06769791666666666 0.11932407407407408
1 0.2841458333333333 0.7001018518518519 0.06713020833333333 0.12037037037037036
1 0.2899322916666666 0.7031851851851852 0.06944270833333334 0.12242592592592592
1 0.296875 0.7052407407407407 0.07059895833333334 0.12242592592592592
1 0.30323958333333334 0.708324074074074 0.07059895833333334 0.12242592592592592
1 0.3096041666666667 0.7103796296296296 0.07059895833333334 0.12242592592592592
1 0.31596874999999996 0.713462962962963 0.07175520833333333 0.12242592592592592
1 0.3223333333333333 0.7170648148148148 0.07291145833333333 0.12550925925925926
1 0.3292760416666667 0.7201481481481481 0.07291145833333333 0.12550925925925926
1 0.33593229166666666 0.7227222222222222 0.07464583333333333 0.1285925925925926
1 0.34345312499999997 0.7258055555555556 0.07464583333333333 0.1285925925925926
1 0.349828125 0.7294259259259259 0.0758125 0.12962962962962962
1 0.35706249999999995 0.7330277777777777 0.07754687499999999 0.13065740740740742
1 0.36400520833333333 0.7371388888888889 0.07754687499999999 0.13065740740740742
1 0.3715260416666667 0.74125 0.07754687499999999 0.13065740740740742
1 0.37876041666666665 0.7438240740740741 0.07928125 0.13374074074074074
1 0.3871510416666667 0.7484537037037038 0.08101562500000001 0.13682407407407407
1 0.39525520833333333 0.7505092592592593 0.08101562500000001 0.13682407407407407
1 0.40219791666666665 0.7561666666666667 0.082171875 0.1357962962962963
1 0.41030208333333335 0.75925 0.083328125 0.1399074074074074
1 0.41811458333333335 0.763361111111111 0.0850625 0.1399074074074074
1 0.4262135416666667 0.7669722222222223 0.08506770833333334 0.14094444444444446
1 0.43431770833333333 0.7710833333333333 0.08506770833333334 0.14094444444444446
1 0.4427083333333333 0.7751944444444445 0.08796354166666666 0.143
1 0.451390625 0.7793055555555556 0.08911979166666667 0.143
1 0.4606510416666667 0.7834166666666667 0.09027604166666667 0.14505555555555555
1 0.4693333333333333 0.7875277777777777 0.09143229166666668 0.14505555555555555
1 0.478015625 0.7916388888888889 0.09143229166666668 0.14505555555555555
1 0.4872760416666667 0.7962685185185185 0.09374479166666667 0.1502037037037037
1 0.49682291666666667 0.8003796296296296 0.09547916666666666 0.1502037037037037
1 0.5060833333333333 0.8055277777777778 0.09547916666666666 0.1502037037037037
1 0.5159166666666667 0.8086388888888889 0.09664583333333333 0.15225925925925926
1 0.5257552083333333 0.815324074074074 0.09895833333333333 0.15534259259259262
1 0.5361718750000001 0.8199537037037037 0.10011458333333333 0.15842592592592591
1 0.5460104166666666 0.8251018518518519 0.10011458333333333 0.15842592592592591
1 0.55671875 0.8292129629629629 0.10416666666666667 0.15842592592592591
1 0.5671354166666667 0.833324074074074 0.10416666666666667 0.15842592592592591
1 0.5775520833333334 0.8400092592592593 0.10647916666666667 0.16150925925925927
1 0.5888385416666666 0.8451574074074074 0.10821354166666668 0.16356481481481483
1 0.5998333333333333 0.8503055555555556 0.10936979166666667 0.16356481481481483
1 0.61140625 0.8564814814814815 0.11168229166666667 0.16767592592592592
1 0.6229739583333332 0.8621388888888889 0.1116875 0.17077777777777778
1 0.6342604166666667 0.8683148148148148 0.11458333333333333 0.17077777777777778
1 0.6464114583333332 0.873462962962963 0.11458333333333333 0.17077777777777778
1 0.6591406249999999 0.8786111111111111 0.11805729166666666 0.17077777777777778
1 0.6712916666666667 0.8852962962962962 0.12036979166666667 0.17386111111111113
1 0.6840208333333333 0.8925 0.12152604166666667 0.17591666666666667
1 0.696171875 0.8976481481481482 0.12383854166666668 0.17797222222222223
1 0.7094843750000001 0.9043333333333333 0.12499479166666667 0.18105555555555555
1 0.7225052083333333 0.9094722222222222 0.127890625 0.18105555555555555
1 0.7369739583333333 0.9125555555555555 0.130203125 0.17487962962962963
1 0.750578125 0.9151203703703704 0.13194270833333335 0.16769444444444445
1 0.765046875 0.918212962962963 0.13309895833333335 0.16358333333333333
1 0.7792239583333332 0.9212962962962963 0.13599479166666667 0.1574074074074074
1 0.7939791666666667 0.9238703703703703 0.13772916666666665 0.15225925925925926
1 0.8090260416666666 0.9290185185185186 0.13888541666666668 0.14197222222222222
1 0.8240729166666667 0.9315925925925926 0.143515625 0.13682407407407407
1 0.8396979166666667 0.9341666666666667 0.14467187499999998 0.13167592592592595
1 0.8553229166666667 0.9377685185185185 0.14930208333333334 0.12447222222222223
1 0.8709479166666667 0.9403425925925927 0.15161458333333336 0.11932407407407408
1 0.8877291666666667 0.9439444444444445 0.15392708333333335 0.11212037037037037
1 0.90509375 0.9470185185185185 0.15509374999999997 0.10596296296296297
1 0.92071875 0.9511296296296297 0.15856770833333333 0.09773148148148147
1 0.9288177083333333 0.9547314814814813 0.14235937499999998 0.09053703703703704
1 0.936921875 0.9573055555555556 0.12615625 0.08538888888888889
1 0.9453125 0.960388888888889 0.109375 0.07921296296296296
1 0.95428125 0.9650185185185185 0.0914375 0.0699537037037037
1 0.962671875 0.9681018518518518 0.07465625000000001 0.06377777777777778
1 0.9716406249999999 0.972212962962963 0.056718750000000005 0.055546296296296295
0
0
0
0
0
0
0
0
0
0
0
0
0
0
0
0
0
0
0
0
0
0
0
0
