0
0
0
0
0
0
0
0
0
0
0
0
0
0
0
0
0
0
0
0
0
0
0
0
0
0
0
0
0
0
0
0
0
0
0
0
0
0
0
0
0
0
0
0
0
0
0
0
0
0
0
0
0
0
0
0
0
0
0
0
0
0
0
0
0
0
0
0
0
0
0
0
0
0
0
0
0
0
0
0
0
0
0
0
0
0
0
0
0
0
0
0
0
0
0
0
0
0
0
0
0
0
0
0
0
0
0
0
0
0
1 1706 700 78 65
0
1 1713 704 63 52
0
1 1701 700 78 65
0
1 1706 700 78 65
0
0
1 1701 697 78 66
1 1701 697 78 66
1 1701 697 78 66
1 1701 697 78 66
0
0
0
0
0
0
0
0
0
0
0
0
0
0
0
0
0
0
0
0
0
0
0
0
0
0
0
1 1636 739 78 65
0
0
0
0
0
0
1 1632 739 78 65
0
1 1632 739 78 65
1 1632 741 78 66
0
0
0
0
0
1 1610 741 78 66
0
0
0
0
0
0
0
0
0
0
0
0
0
0
0
0
0
0
0
0
0
0
0
0
1 1479 768 97 80
0
0
0
0
0
0
1 1471 778 78 65
0
0
1 1452 781 78 65
1 1440 783 97 65
0
0
0
1 1396 778 98 80
0
1 1406 789 78 66
0
1 1392 791 97 65
1 1392 783 97 81
1 1387 785 98 81
0
0
0
0
0
0
0
0
0
0
0
0
0
1 1285 802 122 100
0
1 1282 802 122 100
1 1280 802 122 100
0
1 1261 819 98 81
0
1 1249 821 97 81
1 1244 821 97 81
1 1223 813 122 101
1 1219 816 122 101
1 1227 826 97 81
0
0
0
0
0
0
0
0
0
0
1 1141 843 122 101
1 1141 846 122 101
1 1132 846 122 101
1 1130 846 122 101
0
1 1117 866 97 81
1 1093 859 122 101
0
0
1 1079 868 123 101
0
1 1058 871 122 101
0
0
0
1 1027 885 122 101
0
0
0
0
0
1 979 890 122 101
1 962 899 122 101
1 957 899 122 101
0
0
0
1 916 912 122 100
0
0
1 891 921 122 101
0
0
0
0
0
1 819 941 122 101
1 803 942 154 101
0
0
0
0
0
0
0
0
0
0
0
1 672 979 122 101
0
0
1 621 982 153 98
1 616 985 154 95
1 581 986 195 94
1 602 985 154 95
1 575 1006 154 74
1 556 1006 154 74
1 547 1006 154 74
1 534 1008 154 72
0
1 521 1020 122 60
1 486 1014 154 66
1 477 1014 154 66
1 473 1022 154 58
1 484 1019 122 61
1 470 1025 122 55
1 413 1036 153 44
1 399 1038 154 42
0
0
0
0
0
0
0
0
0
0
0
0
0
0
0
0
0
0
0
0
0
0
0
0
0
0
0
0
0
0
0
0
0
0
0
0
0
0
0
0
0
0
0
0
0
0
0
0
0
0
0
0
0
0
0
0
0
1 1700 540 63 43
0
0
0
0
0
0
0
0
0
0
0
0
0
0
1 1387 531 98 65
1 1402 529 77 65
0
1 1397 524 78 65
1 1387 524 98 65
1 1097 484 78 53
0
0
0
0
0
0
0
0
0
0
0
0
0
0
0
0
0
0
0
0
0
0
0
0
0
0
0
0
0
1 1171 442 78 53
0
0
0
0
0
1 1187 437 63 53
0
1 1175 437 78 53
1 1175 431 78 65
0
0
0
0
1 1185 430 78 65
0
0
0
0
0
1 1175 318 78 66
0
0
0
0
0
0
0
1 1254 414 78 65
1 1189 318 78 66
1 1263 422 78 53
1 1257 414 98 65
1 1267 412 78 65
0
1 1267 414 78 65
0
0
1 1200 316 78 65
1 1194 316 97 65
0
0
0
0
0
0
0
0
1 52 650 78 53
0
0
0
0
0
0
0
0
0
0
0
1 1440 378 122 53
0
1 1457 380 97 53
1 1444 378 122 53
1 1457 378 97 53
1 1449 380 122 53
0
1 1462 376 122 53
0
0
0
0
0
0
0
0
0
0
0
0
0
0
0
1 67 615 97 81
1 72 617 97 81
0
0
0
0
0
0
0
0
0
0
0
0
0
0
0
1 207 638 122 101
1 215 641 122 100
1 218 643 122 101
1 221 647 122 101
1 238 655 98 81
0
0
1 281 651 122 101
1 285 650 122 101
1 276 652 154 101
0
0
0
0
0
1 339 677 154 101
0
0
0
0
0
0
0
0
0
0
0
0
0
0
0
0
0
0
0
0
1 1006 899 122 53
0
0
0
0
0
0
0
0
0
0
0
0
0
0
1 1285 976 154 65
0
0
0
0
0
0
0
0
0
0
0
0
0
0
0
0
0
0
0
0
0
0
0
0
0
0
0
0
0
0
0
0
0
0
1 1639 1006 194 74
1 1656 995 194 85
1 1689 973 195 101
1 1720 1018 153 62
1 1733 1022 154 58
1 1762 1028 122 52
1 1789 1031 97 49
0
0
0
0
0
0
0
0
0
0
0
0
0
0
0
0
0
0
0
0
0
0
0
0
0
