0
0
0
0
0
0
0
0
0
0
0
0
0
0
0
0
0
0
0
0
0
0
0
0
0
0
0
0
0
0
0
0
0
0
0
0
0
0
0
0
0
0
0
0
0
0
0
0
0
0
0
0
0
0
0
0
0
0
0
0
0
0
0
0
0
0
0
0
0
0
0
0
0
0
0
0
0
0
0
0
0
0
0
0
0
0
0
0
0
1 132 677 133 101
1 132 680 133 100
0
0
1 1452 684 134 101
1 1452 682 134 101
0
0
0
0
0
0
0
0
0
0
0
0
0
0
0
0
1 1387 690 133 101
1 1401 699 105 80
0
0
1 1387 692 133 100
1 1383 690 133 101
1 1387 689 133 100
1 1383 687 133 100
0
1 1379 689 132 100
0
1 1369 690 134 101
1 1374 690 133 101
1 1369 690 134 101
1 1355 685 153 114
0
1 1365 689 132 100
1 1357 689 132 100
0
0
0
0
0
0
0
0
0
0
0
0
0
0
0
0
0
0
0
1 1328 709 133 101
0
0
0
1 1320 713 134 101
0
0
0
1 1317 719 133 100
1 1320 721 134 101
0
1 1321 719 132 100
1 1320 721 134 101
1 1314 719 132 100
1 1313 721 134 101
1 1309 724 133 100
1 1309 724 133 100
1 1283 711 168 126
1 1300 726 134 101
1 1278 713 168 127
1 1291 726 134 101
1 1274 713 168 127
1 1276 721 154 115
1 1269 715 168 127
1 1269 715 168 127
1 1276 723 154 115
1 1276 725 154 115
1 1259 720 168 127
1 1279 730 134 101
0
0
0
0
1 1252 745 133 101
1 1247 744 133 101
1 1243 747 134 101
1 1213 736 168 126
1 1213 740 168 126
1 1204 738 168 126
1 1196 736 168 126
1 1196 738 168 126
1 1214 753 132 100
1 1210 753 132 100
1 1188 738 168 126
1 1188 742 168 127
1 1185 740 168 126
1 1198 757 134 101
1 1190 753 154 115
0
0
0
0
0
1 1165 760 168 127
0
1 1155 763 168 127
1 1176 784 133 101
1 1155 763 168 127
1 1152 771 168 127
1 1144 772 168 127
1 1148 786 133 101
0
0
0
1 1126 787 134 101
1 1126 788 134 101
1 1126 790 134 101
1 1107 774 168 127
0
0
0
0
1 1085 789 168 126
1 1066 789 168 126
1 1061 791 168 127
1 1061 789 168 126
1 1061 791 168 127
1 1057 794 167 126
1 1056 798 169 127
1 1052 794 168 126
1 1048 794 168 126
1 1044 796 168 127
1 1044 798 168 127
1 1035 798 168 127
1 1035 802 168 127
1 1055 826 133 100
1 1038 813 168 126
0
0
1 1033 817 168 127
0
0
0
1 1015 821 168 126
1 1017 825 168 127
1 1017 830 168 127
1 1008 830 168 127
1 1001 833 167 126
1 1004 833 168 126
1 1008 835 168 127
1 974 819 212 160
1 992 835 168 127
1 983 838 168 126
1 974 840 168 127
1 978 842 168 126
1 964 843 168 127
1 967 843 168 127
1 967 854 168 126
1 959 854 168 127
1 957 855 168 127
0
1 946 856 168 127
1 939 860 168 127
1 939 862 168 127
1 908 848 213 160
1 896 850 212 160
1 892 853 211 159
1 892 850 220 165
1 878 855 213 160
1 874 858 212 160
1 868 858 212 160
1 861 865 213 160
1 881 881 168 127
1 881 881 168 127
1 840 867 220 166
1 837 867 220 166
1 853 895 168 127
1 822 878 212 160
1 823 879 220 166
1 813 882 212 160
1 813 885 212 160
1 809 881 220 165
1 797 887 212 160
1 789 885 213 160
1 808 908 168 127
1 785 894 212 160
1 768 901 220 166
1 760 901 220 166
1 757 901 220 166
1 749 901 220 166
1 744 905 220 166
1 744 905 220 166
1 731 907 220 166
1 716 910 220 165
1 698 911 220 166
1 699 918 216 162
1 699 919 214 161
1 690 921 212 159
1 676 922 209 158
1 659 918 225 162
1 654 919 226 161
1 646 919 226 161
1 649 936 194 144
1 617 931 226 149
1 628 938 195 142
1 618 938 195 142
1 605 938 194 142
1 591 939 195 141
1 588 942 194 138
1 561 936 226 144
1 573 941 195 139
1 561 943 194 137
1 551 942 195 138
1 514 932 247 148
1 531 952 195 128
1 522 945 195 135
1 510 953 195 127
1 505 953 195 127
1 487 960 195 120
0
1 470 970 195 110
1 466 970 195 110
1 457 970 195 110
0
0
0
0
0
0
0
0
0
0
0
0
0
0
0
0
0
0
0
0
0
0
0
0
0
0
0
0
0
0
0
0
0
0
0
0
0
0
0
0
0
0
0
0
0
0
0
0
0
0
0
0
0
0
0
0
0
0
0
0
0
0
0
0
0
0
0
0
0
0
0
0
0
0
0
0
0
0
0
0
0
0
0
0
0
0
0
0
0
0
0
0
0
0
0
0
0
0
0
0
0
0
0
0
0
0
0
0
0
0
0
0
0
0
0
0
0
0
0
0
0
0
0
0
0
0
0
0
0
0
0
0
0
0
0
0
0
0
0
0
0
0
0
0
0
0
0
0
0
0
0
0
0
0
0
0
0
0
0
0
0
0
0
0
0
0
0
0
0
0
0
0
0
0
0
0
1 1615 435 154 115
0
0
0
0
0
0
0
0
0
0
0
0
0
0
0
0
0
0
0
0
0
0
0
0
0
0
0
0
0
0
0
0
0
0
0
0
0
0
0
0
0
0
1 1394 649 134 101
0
0
0
0
0
0
0
0
0
1 1435 692 132 100
1 1439 690 133 101
1 1443 692 133 100
1 1439 693 133 101
0
1 1447 694 134 101
1 1430 682 168 127
0
1 1448 713 133 101
0
1 1448 724 133 100
1 1456 728 134 101
1 1430 719 168 126
1 1437 727 154 115
1 1430 724 168 127
0
0
1 1471 750 134 101
1 1451 745 168 126
1 1454 745 168 126
0
1 1458 750 168 126
0
1 1478 757 168 126
1 1484 759 168 126
1 1487 760 168 127
1 1473 746 212 160
0
1 1483 745 220 166
1 1491 758 220 165
1 1495 762 220 165
1 1532 781 168 127
1 1535 786 169 127
1 1532 775 226 169
1 1543 781 220 165
1 1513 760 280 210
1 1522 760 280 210
1 1557 785 220 166
1 1565 785 220 166
1 1535 763 280 210
1 1543 774 279 210
1 1546 777 279 210
1 1568 779 280 210
1 1575 781 280 210
1 1579 779 280 210
1 1579 786 280 210
1 1583 789 280 210
1 1587 789 280 210
1 1591 794 280 210
1 1591 791 280 210
1 1596 796 280 210
0
0
1 1591 800 280 210
0
0
0
1 1601 821 279 210
0
0
0
0
0
0
0
0
0
0
0
0
0
0
0
0
0
0
0
0
0
0
0
0
0
0
0
0
0
0
0
0
0
0
0
0
0
0
0
0
0
0
0
0
0
0
0
0
0
0
0
0
0
0
0
0
0
0
0
0
0
0
0
0
0
0
0
0
0
0
0
0
0
1 1075 646 106 80
0
0
0
0
0
0
0
0
0
0
0
0
0
0
0
0
0
0
0
1 1078 609 108 81
1 1078 609 108 81
1 1082 611 108 81
0
0
1 1075 607 106 80
1 1075 607 106 80
0
0
0
0
0
0
0
0
0
0
0
0
0
0
0
0
0
1 1068 572 107 81
0
1 1071 570 107 81
1 1074 570 108 81
0
0
0
0
0
0
1 1075 568 106 80
1 1071 565 107 81
1 1064 560 122 91
1 1064 560 122 91
1 1061 560 122 91
1 1071 565 107 81
1 1064 557 122 91
1 1067 557 122 91
1 1078 562 108 81
1 1074 560 108 81
1 1071 557 107 81
1 1071 555 107 81
0
0
0
0
0
0
0
0
0
1 1049 555 107 81
1 1050 555 107 81
1 1050 553 107 81
0
0
0
0
1 1068 551 107 81
1 1068 551 107 81
1 1074 549 108 81
1 1071 548 107 81
1 1071 548 107 81
1 1071 549 107 81
1 1071 549 107 81
1 1074 549 108 81
1 1078 549 108 81
1 1067 543 122 91
1 1074 551 108 81
1 1067 546 122 91
1 1074 551 108 81
1 1069 543 134 101
1 1069 541 134 101
1 1079 548 123 91
1 1084 548 122 91
1 1064 533 153 113
1 1087 541 134 101
1 1093 546 122 91
1 1087 541 134 101
1 1081 536 154 115
1 1091 539 134 101
1 1091 541 134 101
1 1102 541 134 101
1 1104 541 134 101
1 1102 539 134 101
1 1099 539 134 101
1 1102 541 134 101
1 1108 546 122 91
1 1099 543 134 101
1 1108 550 122 91
1 1104 547 134 101
1 1104 550 134 101
1 1106 550 134 101
1 1106 552 134 101
1 1104 550 134 101
1 1108 552 134 101
1 1108 555 134 101
1 1111 557 134 101
1 1112 560 134 101
1 1118 565 122 91
1 1118 567 122 91
1 1132 565 122 91
1 1134 567 123 91
1 1125 555 154 115
1 1133 560 154 115
1 1129 562 154 115
1 1129 563 154 115
1 1152 588 107 81
1 1147 578 134 101
1 1137 574 154 115
1 1137 575 154 115
1 1137 577 154 115
1 1142 579 154 115
1 1142 579 154 115
1 1137 582 154 115
1 1142 582 154 115
1 1137 584 154 115
1 1137 587 154 115
1 1137 589 154 115
1 1133 594 154 115
1 1129 597 154 114
1 1129 598 154 115
1 1125 600 154 115
1 1122 604 153 113
1 1119 605 153 114
1 1114 605 154 115
1 1128 624 122 90
1 1113 621 134 101
1 1112 621 134 101
1 1101 617 154 115
1 1109 626 134 101
1 1109 628 134 101
1 1092 626 154 115
1 1085 631 154 115
1 1081 634 154 114
1 1073 638 154 115
1 1073 640 154 115
1 1068 640 154 115
1 1064 643 153 113
1 1064 645 153 113
1 1068 645 154 115
1 1059 654 154 115
1 1064 655 153 113
1 1051 657 154 115
1 1055 657 154 115
1 1048 658 154 115
1 1048 658 154 115
1 1045 660 154 115
1 1042 663 154 114
1 1040 663 154 114
1 1037 665 154 115
1 1038 667 154 115
1 1038 670 154 115
1 1040 680 132 100
1 1039 680 132 100
1 1039 680 132 100
1 1038 687 132 100
1 1026 677 154 115
1 1024 680 154 114
1 1024 683 154 115
1 1022 683 154 115
1 1024 685 154 114
1 1022 685 154 114
1 1022 686 154 115
1 1022 685 154 114
1 1022 687 154 115
1 1018 687 154 115
1 997 672 195 146
1 991 673 195 145
1 987 672 195 146
1 983 674 195 145
1 978 673 195 145
1 969 680 195 145
1 974 673 195 145
1 965 679 195 145
1 961 681 194 145
1 961 681 194 145
1 961 681 194 145
1 974 697 154 115
1 948 681 195 145
1 946 681 195 145
1 946 681 195 145
1 946 681 195 145
1 948 681 195 145
1 948 681 195 145
1 944 681 195 145
1 943 673 194 144
1 954 686 154 115
1 941 672 195 145
1 941 672 195 145
1 941 672 195 145
1 954 686 154 115
1 954 686 154 115
1 953 687 154 115
1 953 687 154 115
1 954 688 154 114
1 954 688 154 114
1 954 688 154 115
1 956 693 154 115
1 956 693 154 115
1 956 693 154 115
1 956 693 154 115
1 956 693 154 115
1 956 693 154 115
1 956 693 154 115
1 941 673 195 145
1 955 688 154 114
1 955 688 154 114
1 954 688 154 115
1 931 672 195 146
1 931 672 195 145
1 931 669 195 146
1 931 671 195 145
1 930 668 195 145
1 930 668 195 145
1 926 668 195 145
1 923 668 195 145
1 921 667 194 144
1 913 666 195 146
1 909 666 195 146
1 909 666 195 146
1 900 666 195 146
1 900 664 195 146
1 891 666 195 146
1 887 664 195 146
1 880 665 194 144
1 877 662 194 145
1 877 662 194 145
1 881 680 154 114
1 881 680 154 114
1 880 677 154 115
1 880 680 154 114
1 880 677 154 115
1 879 677 154 115
1 858 660 194 145
1 858 660 194 145
1 856 657 195 146
1 856 657 195 146
1 854 657 195 146
1 847 658 194 144
1 850 658 194 144
1 847 658 194 144
1 843 655 195 145
1 839 657 195 146
1 839 657 195 146
1 839 657 195 146
1 835 657 195 146
1 831 660 195 145
1 831 657 195 146
1 831 660 195 145
1 826 660 195 145
1 826 660 195 145
1 826 657 195 146
1 822 658 194 144
1 817 657 195 146
1 822 658 194 144
1 817 655 195 145
1 791 635 247 185
1 809 655 195 145
1 809 652 195 145
1 779 630 248 185
1 777 628 247 184
1 798 650 195 145
1 770 628 247 184
1 787 643 194 145
1 757 625 248 185
1 782 645 195 145
1 750 624 247 184
1 769 643 195 145
1 739 623 248 185
1 735 625 247 185
1 735 625 247 185
1 735 625 247 185
1 731 625 247 185
1 726 625 247 185
1 748 643 195 145
1 726 623 247 185
1 726 622 247 185
1 722 622 247 185
1 748 642 195 145
1 743 640 195 145
1 713 620 247 185
1 709 620 247 185
1 709 620 247 185
1 735 640 195 145
1 735 640 195 145
1 735 640 195 145
1 735 642 195 145
1 735 642 195 145
1 709 622 247 185
1 706 622 247 185
1 709 623 247 185
1 706 625 247 185
1 706 630 247 185
1 709 630 247 185
1 709 630 247 185
1 709 632 247 185
1 735 652 195 145
1 713 632 247 185
1 709 632 247 185
1 735 652 195 145
1 709 632 247 185
1 713 632 247 185
1 709 633 247 184
1 706 632 247 185
1 709 632 247 185
1 703 632 247 185
1 729 652 195 145
1 700 632 247 185
1 721 650 195 145
1 695 630 247 185
1 712 645 195 145
1 708 645 195 145
1 704 645 195 145
1 676 625 247 185
1 673 623 247 185
1 669 625 248 185
1 665 623 248 185
1 692 643 194 145
1 688 642 194 145
1 661 622 248 185
1 657 622 247 185
1 683 643 195 145
1 679 643 194 145
1 683 643 195 145
1 683 643 195 145
1 683 643 195 145
1 688 642 194 145
1 688 640 194 145
1 688 640 194 145
1 688 639 194 145
1 688 637 194 145
1 688 637 194 145
1 688 637 194 145
1 657 617 247 185
1 683 638 195 145
1 652 619 248 185
1 652 619 248 185
1 652 620 248 185
1 652 622 248 185
1 648 622 247 185
1 648 622 247 185
1 648 620 247 185
1 648 620 247 185
1 652 619 248 185
1 652 619 248 185
1 652 617 248 185
1 652 617 248 185
1 652 617 248 185
1 652 612 248 185
1 652 612 248 185
1 652 612 248 185
1 657 610 247 185
1 652 608 248 185
1 648 605 247 185
1 643 603 247 185
1 643 601 247 185
1 669 618 195 146
1 635 596 247 185
1 635 596 247 185
1 635 594 247 184
1 629 591 247 185
1 626 591 248 185
1 624 588 247 185
1 624 586 247 185
1 620 586 247 185
1 618 582 247 185
1 639 600 195 145
1 639 600 195 145
1 644 599 195 145
1 643 599 195 145
1 643 599 195 145
1 644 597 195 146
1 644 596 195 145
1 638 595 195 145
1 637 591 195 145
1 636 590 195 145
1 637 589 195 145
1 636 586 195 146
1 636 585 195 145
1 636 583 195 145
1 636 579 195 145
1 636 577 195 145
1 637 574 195 146
1 637 574 195 146
1 637 572 195 145
1 638 569 195 145
1 638 567 195 145
1 638 567 195 145
1 639 564 195 146
1 645 562 195 145
1 645 562 195 145
1 618 542 247 185
1 644 562 195 145
1 619 542 247 185
1 619 542 247 185
1 645 560 195 145
1 647 560 195 145
1 621 540 247 185
1 621 540 247 185
1 647 557 195 145
1 647 557 195 145
1 621 536 247 185
1 621 534 247 185
1 621 533 247 185
1 650 549 195 146
1 649 548 194 145
1 646 546 195 145
1 647 545 195 145
1 647 543 195 146
1 645 542 195 145
1 644 540 195 145
1 644 540 195 145
1 645 540 195 145
1 640 535 195 145
1 639 533 195 145
1 639 533 195 145
1 639 530 195 145
1 638 530 195 145
1 639 528 195 145
1 659 540 154 115
1 639 525 195 145
1 639 521 195 145
1 639 519 195 145
1 638 519 195 145
1 639 519 195 145
1 638 519 195 145
1 638 516 195 145
1 638 514 195 146
1 638 513 195 145
1 638 512 195 145
1 636 511 195 146
1 633 512 195 145
1 653 523 154 115
1 653 523 154 115
1 631 508 194 145
1 628 508 195 145
1 625 512 195 145
1 622 513 194 145
1 622 513 194 145
1 625 513 195 146
1 622 515 194 144
1 618 514 195 146
1 618 516 195 145
1 614 516 194 145
1 614 516 194 145
1 618 516 195 145
1 618 516 195 145
1 618 516 195 145
1 618 516 195 145
1 618 514 195 146
1 618 514 195 146
1 618 514 195 146
1 618 514 195 146
1 618 516 195 145
1 622 516 194 145
1 622 516 194 145
1 622 517 194 145
1 622 517 194 145
1 622 517 194 145
1 618 517 195 145
1 635 528 168 127
1 638 528 169 127
1 638 526 169 127
1 638 526 169 127
1 641 526 169 127
1 641 526 169 127
1 644 525 168 127
1 655 531 154 115
1 653 531 154 115
1 648 525 168 127
1 659 532 153 113
1 656 530 154 114
1 651 523 167 126
1 659 529 153 114
1 659 529 154 114
1 659 529 154 114
1 659 529 154 114
1 659 529 153 114
1 659 530 154 114
1 669 538 134 101
1 669 538 134 101
1 670 538 134 101
1 670 538 134 101
1 660 531 154 115
1 660 531 154 115
1 670 539 134 101
1 670 538 134 101
1 666 532 154 115
1 666 533 153 113
1 668 531 154 115
1 673 530 154 114
1 673 530 154 114
1 671 522 154 115
1 669 522 154 114
1 671 520 154 114
1 673 520 154 115
1 673 518 154 115
1 675 518 154 115
1 675 517 154 115
1 675 517 154 115
1 673 517 154 115
1 673 515 154 115
1 673 515 154 115
1 671 515 154 115
1 673 513 154 115
1 673 513 154 115
1 673 511 154 115
1 673 509 154 115
1 678 509 154 115
1 686 511 154 115
1 682 509 154 115
1 690 509 154 115
1 694 504 154 115
1 690 504 154 115
1 694 504 154 115
1 699 501 154 115
1 704 502 153 113
1 704 502 153 113
1 716 499 154 115
1 712 499 154 115
1 719 496 154 115
1 722 496 154 115
1 725 496 154 115
1 725 496 154 115
1 722 494 154 115
1 719 492 154 115
1 716 492 154 115
1 712 491 154 115
1 708 491 154 115
1 712 489 154 115
1 708 488 154 115
1 708 488 154 115
1 699 480 154 115
1 690 480 154 115
1 686 479 154 115
1 682 477 154 115
1 678 477 154 115
1 673 474 154 115
1 671 474 154 115
1 680 491 107 81
1 663 479 134 101
1 663 479 134 101
1 661 479 134 101
1 659 477 133 101
1 638 472 154 115
1 634 470 154 115
1 634 470 154 115
1 625 470 154 115
1 625 470 154 115
1 625 470 154 115
1 616 467 154 115
1 616 470 154 115
1 625 470 154 115
1 625 467 154 115
1 625 462 154 115
1 625 465 154 115
1 630 462 154 115
1 638 462 154 115
1 638 460 154 115
1 642 457 154 115
1 649 456 153 113
1 659 462 133 101
1 644 449 168 127
1 661 464 134 101
1 665 460 134 101
1 663 460 134 101
1 663 464 134 101
1 663 462 134 101
1 663 464 134 101
1 665 460 134 101
1 666 458 134 101
1 665 460 134 101
1 676 462 134 101
1 675 462 134 101
1 666 458 134 101
1 665 458 134 101
1 663 458 134 101
1 663 458 134 101
1 661 462 134 101
1 659 467 133 101
1 661 467 134 101
1 661 467 134 101
1 661 469 134 101
1 661 469 134 101
1 656 472 133 101
1 659 474 133 101
1 656 477 133 101
1 656 477 133 101
1 652 477 134 101
1 672 489 107 81
1 659 481 133 101
1 664 486 123 91
1 669 490 122 91
1 669 476 154 114
1 689 488 122 90
1 699 506 107 81
1 686 498 133 101
1 692 496 134 101
1 696 498 133 101
1 700 498 134 101
1 694 492 154 115
1 714 501 133 101
1 708 496 154 115
1 719 496 154 115
1 719 499 154 115
1 729 508 134 101
1 729 511 134 101
1 738 518 122 91
1 741 518 122 91
1 738 521 122 91
1 738 523 122 91
1 746 528 107 81
1 756 523 122 91
1 746 528 107 81
1 738 525 122 91
1 738 525 122 91
1 741 527 122 91
1 757 527 122 91
1 756 525 122 91
1 757 525 122 91
1 757 525 122 91
1 757 525 122 91
1 743 527 122 91
1 757 527 122 91
1 761 529 122 91
1 763 527 122 91
1 761 525 122 91
0
1 776 528 107 81
0
1 768 525 122 91
0
1 787 532 107 81
1 784 527 122 91
1 792 532 107 81
1 789 529 122 91
1 793 527 122 91
1 798 527 122 91
1 798 525 122 91
1 802 523 122 91
1 806 523 122 91
1 809 523 122 91
1 812 523 122 91
1 812 523 122 91
1 840 528 107 81
1 842 521 122 91
1 853 526 107 81
1 857 528 107 81
1 849 521 122 91
1 843 516 134 101
1 858 518 122 91
1 847 509 154 115
1 863 521 122 91
1 858 523 122 91
1 863 523 122 91
1 863 523 122 91
1 863 523 122 91
1 863 521 122 91
1 870 526 107 81
1 863 521 122 91
1 863 518 122 91
1 847 504 154 115
1 847 504 154 115
1 857 508 134 101
1 852 508 134 101
1 861 516 107 81
1 849 511 122 91
1 853 516 107 81
1 853 516 107 81
0
1 853 516 107 81
1 853 516 107 81
0
0
0
1 853 518 107 81
1 857 518 107 81
1 857 521 107 81
1 853 521 107 81
1 857 523 107 81
1 861 523 107 81
0
1 870 526 107 81
1 867 523 122 91
1 867 523 122 91
1 872 527 122 91
1 876 525 122 91
1 876 525 122 91
1 876 527 122 91
1 876 525 122 91
0
0
0
0
0
0
0
0
0
0
0
0
0
0
0
0
0
0
0
0
0
0
0
0
0
0
0
0
0
0
1 923 557 108 81
0
0
0
0
0
1 932 560 122 91
0
0
0
1 941 560 122 91
1 945 560 122 91
1 950 560 122 91
1 945 560 122 91
0
0
1 950 563 122 90
1 958 568 105 80
0
0
0
0
0
0
0
0
0
0
0
0
0
1 1733 966 154 114
1 1719 957 164 123
0
0
0
0
1 1597 876 287 204
0
0
0
0
0
0
0
0
0
0
0
0
0
0
0
0
0
0
0
1 949 614 106 80
0
0
1 957 617 107 81
1 957 617 107 81
1 950 614 122 90
0
0
0
0
0
0
0
0
0
0
0
0
0
0
0
0
0
0
0
0
0
0
0
0
0
0
0
0
0
0
0
0
0
0
0
0
0
0
0
0
0
0
0
0
0
0
0
0
0
0
0
0
0
0
0
0
0
0
0
0
0
0
0
0
0
0
0
0
0
0
0
0
0
0
0
0
0
0
0
0
0
0
0
0
0
0
0
0
0
0
0
0
0
0
0
0
0
0
0
0
0
0
0
0
0
0
0
0
0
0
0
0
0
0
0
0
0
0
0
0
0
0
0
0
0
0
0
0
0
0
0
0
0
0
0
0
0
0
0
0
0
0
0
0
0
0
0
0
0
0
0
0
0
0
0
0
0
0
0
0
0
0
0
0
0
0
0
0
0
0
0
0
0
0
0
0
0
0
0
0
0
0
0
0
0
0
0
0
0
0
0
0
0
0
0
0
0
0
0
0
0
0
0
0
0
0
0
0
0
0
0
0
0
0
0
0
0
0
0
0
0
0
0
0
0
0
0
0
0
0
0
0
0
0
0
0
0
0
0
0
0
0
0
0
0
0
0
0
0
0
0
0
0
0
0
0
0
0
0
0
0
0
0
0
0
0
0
0
0
0
0
0
0
1 1078 843 134 101
1 1078 843 134 101
1 1078 843 134 101
1 1088 846 133 101
1 1088 843 133 101
1 1088 848 133 101
1 1092 846 133 101
1 1099 846 133 101
0
0
1 1102 848 134 101
0
1 1106 848 134 101
1 1105 851 132 100
1 1105 851 132 100
1 1106 853 134 101
0
0
0
0
0
0
0
0
0
0
0
0
0
0
1 1130 867 168 126
1 1140 869 168 127
1 1135 872 168 126
1 1140 869 168 127
1 1152 872 168 126
1 1155 874 168 127
1 1155 874 168 127
1 1155 874 168 127
1 1163 877 168 127
1 1161 879 168 127
1 1163 877 168 127
0
0
1 1192 883 168 127
1 1192 886 168 127
1 1192 885 168 127
1 1200 888 168 126
1 1200 888 168 126
1 1182 872 212 160
0
1 1226 900 168 127
1 1226 900 168 127
1 1232 900 168 127
1 1232 902 168 126
1 1237 904 168 126
1 1251 911 168 126
1 1257 911 168 126
1 1255 913 168 127
1 1259 916 168 127
1 1257 921 168 126
1 1244 908 212 160
1 1247 910 212 160
1 1269 927 168 126
1 1256 917 195 146
1 1252 911 212 160
1 1256 911 212 160
1 1265 913 212 159
1 1303 938 168 127
1 1303 939 168 127
1 1306 939 168 127
1 1277 919 214 161
1 1280 919 214 161
1 1313 940 168 127
1 1311 939 168 127
1 1284 921 212 159
1 1313 943 168 127
1 1315 938 188 142
1 1321 943 182 137
1 1318 938 188 142
1 1324 943 181 137
1 1320 938 194 142
1 1330 940 195 140
1 1339 941 185 139
1 1343 940 195 140
1 1356 946 178 134
1 1352 949 195 131
1 1373 948 176 132
1 1360 949 195 131
1 1384 964 154 116
1 1392 966 154 114
1 1389 953 195 127
1 1394 953 194 127
1 1404 954 194 126
1 1412 969 195 111
1 1412 953 195 127
1 1412 953 195 127
1 1430 969 195 111
1 1437 969 195 111
1 1458 985 154 95
1 1440 970 195 110
1 1467 951 195 129
1 1465 971 195 109
0
1 1482 971 195 109
1 1482 970 195 110
1 1486 970 195 110
1 1486 971 195 109
0
1 1520 993 154 87
1 1504 972 195 108
0
0
0
0
0
0
1 1657 869 263 196
0
0
0
0
0
1 1704 889 216 165
0
0
0
0
0
0
0
0
0
0
0
0
0
0
0
0
0
0
0
0
0
0
0
0
0
0
0
0
0
0
0
0
0
0
0
0
0
0
0
0
0
0
0
0
0
0
0
0
0
0
0
0
0
0
0
0
0
0
0
0
0
0
0
0
0
0
0
0
0
0
0
0
0
0
0
0
0
0
0
0
0
0
0
0
0
0
0
0
0
0
0
0
0
0
0
0
0
0
0
0
0
0
0
0
0
0
0
0
0
0
0
0
0
0
0
0
0
0
0
0
0
0
0
0
0
0
0
0
0
0
0
0
0
0
0
0
0
0
0
0
0
0
0
0
0
0
0
0
0
0
0
0
0
0
0
0
0
0
0
0
0
0
0
0
0
0
0
0
0
0
0
1 201 513 134 101
0
0
0
0
0
0
0
0
0
0
0
0
0
0
0
0
0
0
0
0
0
0
0
0
0
0
0
0
0
0
0
0
0
0
0
0
0
0
0
0
0
0
0
0
0
0
0
0
0
0
0
0
0
0
0
0
0
0
0
0
0
0
0
0
0
0
0
0
0
0
0
0
0
0
0
0
0
0
0
0
0
0
0
0
0
0
0
0
0
0
0
0
0
0
0
0
0
0
0
0
0
0
0
0
0
0
0
0
0
0
0
0
0
0
0
1 1022 562 107 81
1 1022 565 107 81
1 1001 563 122 90
1 1019 568 105 80
1 1006 565 122 91
0
1 1001 569 122 91
0
0
0
0
0
0
0
0
0
0
0
0
0
1 964 609 108 81
0
1 964 611 108 81
1 944 601 133 101
1 961 611 107 81
1 957 611 107 81
1 948 604 133 100
0
0
1 944 604 133 100
1 936 604 132 100
1 948 615 108 81
1 931 604 133 100
1 927 612 122 91
1 931 617 107 81
0
0
0
0
0
1 918 615 107 81
0
0
0
0
0
0
0
0
0
0
0
1 874 610 133 101
0
0
0
0
0
0
0
0
0
0
1 852 622 134 101
1 857 622 133 101
1 848 621 133 101
0
0
1 844 609 132 100
1 836 610 134 101
1 823 596 167 126
0
1 831 622 133 101
0
0
1 813 622 133 101
1 809 622 133 101
1 807 622 133 101
1 809 624 133 101
1 807 622 133 101
1 796 622 134 101
0
0
1 766 615 168 127
1 766 613 168 127
1 766 615 168 127
1 761 613 168 127
1 761 611 168 127
1 752 615 169 127
1 752 617 169 127
1 752 615 169 127
1 749 615 168 127
1 749 615 168 127
1 745 617 168 127
1 759 633 134 101
1 757 633 134 101
1 742 638 133 101
1 742 641 133 100
1 742 641 132 100
1 739 643 134 101
1 720 632 168 127
1 722 634 168 127
1 715 637 168 127
1 715 636 168 126
1 712 637 168 127
1 705 637 168 127
1 701 647 168 127
1 704 660 134 101
1 700 660 133 101
0
0
1 671 648 168 127
0
1 668 649 168 127
0
1 651 657 168 126
1 648 657 168 126
1 644 659 168 127
1 635 662 168 126
1 627 662 168 126
1 618 662 168 126
1 613 664 169 127
1 601 667 168 126
1 590 669 168 127
1 588 669 168 127
1 574 677 168 127
1 570 679 168 126
1 561 680 168 127
1 553 679 168 126
1 540 679 168 126
1 533 702 134 101
1 503 690 168 126
1 498 691 169 127
1 487 694 168 127
1 484 694 168 127
1 457 687 195 145
1 444 682 211 159
1 436 689 195 145
1 442 701 168 126
1 399 691 220 166
1 396 693 225 167
1 391 692 226 169
1 381 694 226 169
1 368 697 225 167
1 354 698 226 168
1 347 701 226 168
1 325 713 226 168
1 320 715 225 168
1 311 715 225 168
1 303 717 225 168
1 289 719 226 168
1 281 722 225 167
1 270 726 226 169
1 246 734 226 168
1 241 738 225 168
1 237 736 226 168
1 225 738 225 168
1 211 740 226 168
1 211 741 226 168
1 207 741 225 168
1 200 738 225 168
1 179 756 220 166
1 175 758 220 165
1 177 756 220 166
1 173 758 219 165
1 166 758 220 165
1 163 760 219 165
0
0
0
0
0
0
0
0
0
0
0
0
0
0
0
0
0
0
0
0
0
0
0
0
0
0
0
0
0
0
0
0
0
0
0
0
0
0
0
0
0
0
0
0
0
0
0
0
0
0
0
0
0
0
0
0
0
0
0
0
0
0
0
0
0
0
0
0
0
0
0
0
