0
0
0
0
0
0
0
0
0
0
0
0
0
0
0
0
0
0
0
0
0
0
0
0
0
0
0
0
0
0
0
0
0
0
0
0
0
0
0
0
0
0
0
0
0
0
0
0
0
0
0
0
0
0
0
0
0
0
0
0
0
0
0
0
0
0
0
0
0
0
0
0
0
0
0
0
0
0
0
0
0
0
0
0
0
0
0
0
0
0
0
0
0
0
0
0
0
0
0
0
0
0
0
0
0
0
0
0
0
0
0
0
0
0
0
0
0
0
0
0
0
0
0
0
0
0
0
0
0
0
0
0
0
0
0
0
0
0
0
0
0
0
0
0
0
0
0
0
0
0
0
0
0
0
0
0
0
0
0
0
0
0
0
0
0
0
0
0
0
0
0
0
0
0
0
0
0
0
0
0
0
0
0
0
0
0
0
0
0
0
0
1 1475 768 105 80
0
0
0
0
0
0
0
0
0
0
0
0
0
0
1 1392 778 106 80
0
0
0
0
1 1387 783 107 81
1 1382 785 108 81
0
0
0
0
0
0
1 1320 794 134 101
0
0
1 1317 797 133 100
1 1309 799 133 101
0
1 1296 802 132 100
1 1280 802 132 100
1 1283 802 133 100
1 1277 802 132 100
1 1275 802 132 100
0
1 1256 819 108 81
1 1243 811 134 101
1 1244 821 107 81
1 1239 821 107 81
1 1217 813 134 101
1 1213 816 134 101
1 1222 826 107 81
1 1213 829 133 100
0
0
0
1 1184 836 133 101
0
1 1169 838 134 101
1 1161 838 134 101
1 1153 841 132 100
1 1143 846 134 101
1 1135 843 134 101
1 1135 846 134 101
1 1126 846 134 101
1 1124 846 134 101
0
1 1112 866 107 81
1 1087 859 134 101
1 1083 860 133 101
1 1078 869 134 101
1 1074 868 133 101
1 1058 870 133 101
1 1052 871 134 101
1 1049 873 133 101
1 1047 875 133 101
1 1035 880 133 100
1 1021 885 134 101
1 992 874 168 127
1 983 872 168 126
1 978 877 168 127
1 967 877 168 127
1 959 879 168 127
1 973 890 134 101
1 956 899 134 101
1 951 899 134 101
1 927 889 168 127
1 909 897 168 126
1 900 897 168 127
1 911 912 132 100
1 903 913 133 101
1 899 915 134 101
1 885 921 134 101
1 857 913 168 127
1 849 913 168 127
1 835 916 168 127
1 822 918 169 127
1 816 921 168 126
1 813 941 134 101
1 803 935 154 115
1 779 937 168 126
1 761 936 168 127
1 752 937 169 127
1 742 938 168 127
1 738 940 168 127
1 720 945 168 127
1 709 947 168 127
1 705 952 168 127
1 687 952 168 127
1 680 955 166 125
1 670 957 164 123
1 666 979 134 101
1 649 967 153 113
1 638 967 154 113
1 621 974 153 106
1 616 975 154 105
1 581 960 195 120
1 602 975 154 105
1 575 986 154 94
1 556 986 154 94
1 547 986 154 94
1 534 987 154 93
0
1 521 1005 122 75
1 486 990 154 90
1 477 990 154 90
1 473 994 154 86
1 484 1004 122 76
0
0
0
0
0
0
0
0
0
0
0
0
0
0
0
0
0
0
0
0
0
0
0
0
0
0
0
0
0
0
0
0
0
0
0
0
0
0
0
0
0
0
0
0
0
0
0
0
0
0
0
0
0
0
0
0
0
0
0
0
0
0
0
0
0
0
0
0
0
0
0
0
0
0
0
0
0
0
0
0
0
0
0
0
0
0
0
0
0
0
0
0
0
0
0
0
0
0
0
0
0
0
0
0
0
0
0
0
0
0
0
0
0
0
0
0
0
0
0
0
0
0
0
0
0
0
0
0
0
0
0
0
0
0
0
0
0
0
0
0
0
0
0
0
0
0
0
0
0
0
0
0
0
0
0
0
0
0
0
0
0
0
0
0
0
0
0
0
0
0
0
0
0
0
0
0
0
0
0
0
0
0
0
0
0
0
0
0
0
0
1 36 604 133 100
1 40 607 133 101
1 62 615 107 81
1 67 617 107 81
0
1 102 609 132 100
0
0
0
0
0
1 128 630 133 101
1 132 633 133 101
1 136 633 133 101
0
0
1 175 635 134 101
1 175 635 134 101
1 175 628 168 126
1 201 638 134 101
1 210 641 132 100
1 212 643 134 101
1 215 647 134 101
1 233 655 108 81
1 249 649 133 101
0
1 275 651 134 101
1 279 650 134 101
1 276 645 154 115
1 287 672 133 101
0
1 314 672 133 101
1 309 662 168 126
1 323 662 168 126
1 339 670 154 115
1 340 667 168 126
1 349 669 168 127
1 384 684 133 101
1 371 674 167 126
1 388 679 167 126
1 397 679 167 126
1 410 679 168 126
1 404 673 194 144
1 442 707 133 101
1 458 709 133 101
1 457 698 168 127
1 470 698 168 127
1 475 701 168 126
1 491 701 168 126
1 500 708 168 127
1 513 711 168 126
1 505 696 212 160
1 540 717 168 127
1 540 711 195 145
1 565 720 168 127
1 570 722 168 127
1 598 734 168 127
1 605 736 168 126
1 623 738 168 126
1 631 740 168 126
0
1 649 740 212 160
1 660 738 213 160
1 674 742 213 160
1 699 751 195 145
1 687 742 225 168
1 727 758 212 159
1 739 759 213 160
1 749 761 211 159
1 783 781 168 127
1 1285 951 154 115
1 805 780 211 159
1 818 781 220 165
1 834 782 220 166
1 867 784 220 166
1 876 795 225 168
1 892 801 220 166
1 911 801 220 166
1 941 813 220 166
1 954 812 225 168
1 972 817 225 168
1 977 803 280 210
1 1023 826 226 169
1 1041 838 226 168
1 1056 844 225 168
1 1083 849 225 167
1 1106 856 226 168
1 1127 861 225 168
1 1130 845 279 210
1 1180 869 226 169
1 1197 879 226 169
1 1223 885 225 168
1 1245 893 225 168
1 1277 900 226 168
1 1285 885 259 195
1 1297 877 287 203
1 1325 888 287 192
1 1348 894 286 186
1 1384 897 287 183
1 1415 896 287 184
1 1440 900 287 180
1 1471 915 287 165
1 1502 906 286 174
1 1528 907 286 173
1 1570 934 247 146
1 1639 971 194 109
1 1656 965 194 115
1 1689 951 195 129
1 1720 992 153 88
1 1733 994 154 86
0
0
0
1 1615 760 305 267
0
0
0
0
0
0
0
0
0
0
0
0
0
0
0
0
0
0
0
0
0
0
0
