0
0
0
0
0
0
0
0
0
0
0
0
0
0
0
0
0
0
0
0
0
0
0
0
0
0
0
0
0
0
0
0
0
0
0
0
0
0
0
0
0
0
0
0
0
0
0
0
0
0
0
0
0
0
0
0
0
0
0
0
0
0
0
0
0
0
0
0
0
0
0
0
0
0
0
0
0
0
0
0
0
0
0
0
0
0
0
0
0
0
0
0
0
0
0
0
0
0
0
0
0
0
0
0
0
0
0
0
0
0
0
0
0
0
0
0
0
0
0
0
0
0
0
0
0
0
0
0
0
0
0
0
0
0
0
0
0
0
0
0
0
0
0
0
0
0
0
0
0
0
0
0
0
0
0
0
0
0
0
0
0
0
0
0
0
0
0
0
0
0
0
0
0
0
0
0
0
0
0
0
0
0
0
0
0
0
0
0
0
0
0
0
0
0
0
0
0
0
0
0
0
0
0
0
0
0
0
0
0
0
0
0
0
0
0
0
0
0
0
0
0
0
0
1 1295 799 134 101
0
0
0
0
0
0
0
0
0
0
0
0
0
0
0
0
0
0
0
0
1 1157 838 134 101
1 1143 838 134 101
1 1140 841 132 100
1 1125 836 154 115
0
0
0
0
0
0
0
0
0
0
0
1 1045 866 154 115
1 1050 873 134 101
1 1050 890 105 80
1 1029 880 132 100
1 1011 878 154 115
1 999 878 154 115
1 990 878 154 115
1 981 880 154 115
1 957 865 195 145
0
0
0
0
0
0
0
0
0
0
0
0
0
0
0
0
0
0
1 786 937 168 127
1 752 928 195 145
1 748 930 195 145
1 756 948 154 114
1 749 949 154 115
1 729 956 154 115
0
1 692 945 194 135
1 679 943 194 137
1 669 945 195 135
0
0
1 628 955 195 125
1 622 957 194 123
0
1 596 959 194 121
1 588 960 194 120
0
0
0
0
0
0
0
1 470 976 195 104
0
0
0
0
0
0
0
0
0
0
0
0
0
0
0
0
0
0
0
0
0
0
0
0
0
0
0
0
0
0
0
0
0
0
0
0
0
0
0
0
0
0
0
0
0
0
0
0
0
0
0
0
0
0
0
0
0
0
0
0
0
0
0
0
0
0
0
0
0
0
0
0
0
0
0
0
0
0
0
0
0
0
0
0
0
0
0
0
0
0
0
0
0
0
0
0
0
0
0
0
0
0
0
0
0
0
0
0
0
0
0
0
0
0
0
0
0
0
0
0
0
0
0
0
0
0
0
0
0
0
0
0
0
0
0
0
0
0
0
0
0
0
0
0
0
0
0
0
0
0
0
0
0
0
0
0
0
0
0
0
0
0
0
0
0
0
0
0
0
0
0
0
0
0
0
0
0
0
0
0
0
0
0
0
0
0
0
0
0
0
0
0
0
0
0
0
0
0
0
0
0
0
0
0
0
0
0
0
0
0
0
0
0
0
1 195 634 154 114
1 202 636 154 115
0
0
0
0
0
0
0
0
0
0
1 330 665 154 115
1 334 667 154 115
1 336 664 168 127
1 330 657 195 146
1 360 673 153 114
1 390 682 134 101
1 392 676 168 126
1 388 667 194 144
1 410 676 168 126
1 410 690 168 126
1 420 691 168 127
1 458 707 133 101
1 453 698 168 127
1 473 704 154 115
1 470 701 168 126
1 487 703 168 127
1 499 706 167 126
1 514 708 168 127
1 531 713 168 127
1 531 706 195 145
1 540 709 195 146
1 551 709 195 146
1 536 698 225 168
1 1809 332 111 126
1 605 734 168 127
1 618 740 168 126
1 631 742 168 127
1 644 745 168 126
1 671 755 168 126
1 669 743 195 145
1 679 748 194 144
1 696 750 194 144
1 684 741 225 168
1 742 776 168 126
1 735 761 211 159
1 752 770 195 145
1 786 784 168 126
1 811 791 168 127
1 804 777 213 160
1 822 782 213 160
1 841 784 212 159
1 867 784 220 166
1 882 799 213 160
1 887 799 220 166
1 908 803 220 166
1 950 821 195 145
1 969 823 195 146
1 968 815 225 168
1 987 821 225 168
1 1019 836 226 169
1 1037 838 225 168
1 1056 844 225 168
1 1080 848 226 169
1 1102 856 225 168
1 1123 858 226 169
1 1157 867 225 168
1 1175 869 226 169
1 1197 881 226 168
1 1223 885 225 168
1 1241 893 225 168
1 1274 898 226 168
1 1288 886 258 194
1 1314 889 253 191
1 1354 917 225 163
1 1350 894 287 186
1 1380 896 287 184
1 1401 898 287 182
1 1460 929 247 151
1 1491 923 247 157
1 1521 932 248 148
1 1509 908 315 172
1 1595 938 247 142
1 1612 949 248 131
1 1633 950 247 130
1 1669 956 247 124
1 1682 959 238 121
1 1717 976 195 104
1 1558 755 355 267
0
0
1 1619 763 301 267
1 1633 763 287 267
0
0
0
0
0
0
0
0
0
0
0
0
0
0
0
0
0
0
0
0
0
0
