0
0
0
0
0
0
0
0
0
0
0
0
0
0
0
0
0
0
0
0
0
0
0
0
0
0
0
0
0
0
0
0
0
0
0
0
0
0
0
0
0
0
0
0
0
0
0
0
0
0
0
0
0
0
0
0
0
0
0
0
0
0
0
0
0
0
0
0
0
0
0
0
0
0
0
0
0
0
0
0
0
0
0
0
0
0
0
0
0
0
0
0
0
0
0
0
0
0
0
0
0
0
0
0
0
0
0
0
0
0
0
0
0
0
0
0
0
0
0
0
0
0
0
0
0
0
0
0
0
0
0
0
0
0
0
0
0
0
0
0
0
0
0
0
0
0
0
0
0
0
0
0
0
0
0
0
0
0
0
0
0
0
0
0
0
0
0
0
0
0
0
0
0
0
0
0
0
0
0
0
0
0
0
0
0
0
0
0
0
0
0
0
0
0
0
0
0
0
0
0
0
0
0
0
0
0
0
0
0
0
0
0
0
0
0
0
0
0
0
0
0
0
0
0
0
0
0
0
0
0
0
0
0
0
0
0
0
0
0
0
0
0
0
0
0
0
0
0
0
0
0
0
0
0
0
0
0
0
0
0
0
0
0
0
0
0
0
0
0
0
0
0
0
0
0
0
0
0
0
0
0
0
0
0
0
0
0
0
0
0
0
0
0
0
0
0
0
0
0
0
0
0
0
0
0
0
0
0
0
0
0
0
0
0
0
0
1 485 1003 195 77
0
0
0
0
0
0
0
0
0
0
0
0
0
0
0
0
0
0
0
0
0
0
0
0
0
0
0
0
0
0
0
0
0
0
0
0
0
0
0
0
0
0
0
0
0
0
0
0
0
0
0
0
0
0
0
0
0
0
0
0
0
0
0
0
0
0
0
0
0
0
0
0
0
0
0
0
0
0
0
0
0
0
0
0
0
0
0
0
0
0
0
0
0
0
0
0
0
0
0
0
0
0
0
0
0
0
0
0
0
0
0
0
0
0
0
0
0
0
0
0
0
0
0
1 548 357 195 81
0
1 540 360 195 81
0
1 547 388 154 65
0
0
0
0
0
0
0
0
0
0
0
0
0
0
0
0
0
0
0
0
0
0
0
0
0
0
0
0
0
0
0
0
0
0
0
0
0
0
0
0
0
0
0
0
0
0
0
0
0
0
0
0
0
0
0
0
0
0
0
0
0
0
0
0
0
0
0
0
0
0
0
0
0
0
0
0
0
0
0
0
0
0
0
0
0
0
0
0
0
0
0
0
0
0
0
0
0
0
0
0
0
0
0
0
0
0
0
0
0
0
0
0
0
0
0
0
0
1 1446 732 154 101
0
0
0
0
0
0
0
0
0
0
0
0
0
0
0
0
0
0
0
0
0
0
0
0
0
0
0
0
0
0
0
0
0
0
0
0
0
0
0
0
0
0
0
0
0
0
0
0
0
0
0
0
0
0
0
0
0
0
0
0
0
0
0
0
0
0
0
0
0
0
0
0
0
0
0
0
0
0
0
0
0
0
0
0
0
0
0
0
0
0
0
0
0
0
0
0
0
0
0
0
0
0
0
0
0
0
0
0
0
0
0
0
0
0
0
0
0
0
0
0
0
0
0
0
0
0
0
0
0
0
0
0
0
0
0
0
0
0
0
0
0
0
0
0
0
0
0
0
0
0
0
0
0
0
0
0
0
0
0
0
0
0
0
0
0
0
0
0
0
0
0
0
0
0
0
0
0
0
0
0
0
0
0
0
0
0
0
0
0
0
0
0
0
0
0
0
0
0
0
0
0
0
0
0
0
0
0
1 1067 551 122 81
0
1 1067 549 122 81
1 1067 553 122 81
1 1067 553 122 81
1 1071 553 122 81
1 1075 553 122 81
1 1071 543 122 101
1 1075 555 122 81
1 1079 555 123 81
1 1064 551 153 81
1 1089 553 122 81
1 1093 555 122 81
1 1093 555 122 81
1 1077 555 154 81
1 1077 553 154 81
1 1093 555 122 81
1 1105 555 122 81
1 1089 555 154 81
1 1089 553 154 81
1 1105 553 122 81
1 1108 553 122 81
1 1094 553 154 81
1 1092 555 154 81
1 1094 557 154 81
1 1096 560 154 81
1 1096 560 154 81
1 1096 562 154 81
1 1094 562 154 81
1 1094 562 154 81
1 1098 565 154 81
1 1098 565 154 81
1 1114 565 122 81
1 1117 568 122 80
1 1117 568 122 80
1 1118 568 122 80
1 1119 568 153 80
1 1122 568 153 80
1 1125 570 154 81
1 1108 574 195 81
1 1129 577 154 81
1 1129 579 154 81
1 1149 589 122 81
1 1149 589 122 81
1 1137 594 154 81
1 1137 592 154 81
1 1137 594 154 81
1 1142 597 154 80
1 1142 599 154 81
1 1142 601 154 81
1 1147 591 153 101
1 1142 604 154 81
1 1137 604 154 81
1 1137 607 154 80
1 1137 609 154 81
1 1133 611 154 81
1 1129 614 154 80
1 1133 614 154 80
1 1122 619 153 80
1 1122 621 153 81
1 1132 630 122 80
1 1118 632 122 81
1 1118 636 122 81
1 1102 636 153 81
1 1098 640 154 81
1 1096 640 154 81
1 1096 635 154 101
1 1089 646 154 80
1 1085 648 154 81
1 1081 651 154 80
1 1073 653 154 81
1 1073 655 154 81
1 1068 655 154 81
1 1068 659 154 80
1 1068 662 154 81
1 1068 671 154 81
1 1059 671 154 81
1 1059 672 154 81
1 1059 674 154 81
1 1055 676 154 80
1 1055 677 154 81
1 1051 677 154 81
1 1048 677 154 81
1 1045 680 154 80
1 1022 672 195 101
1 1040 684 154 81
1 1038 682 154 81
1 1028 687 154 81
1 1043 690 122 80
1 1027 690 154 80
1 1027 692 154 81
1 1026 694 154 81
1 1024 694 154 81
1 1022 697 154 80
1 1022 700 154 81
1 1020 700 154 81
1 1004 702 195 80
1 1000 703 195 81
1 1000 704 195 81
1 1020 704 154 81
1 1000 705 195 80
1 1018 710 154 81
1 1015 712 154 81
1 994 712 195 81
1 1008 701 153 101
1 1003 701 154 101
1 994 702 154 101
1 969 702 195 101
1 969 702 195 101
1 965 701 195 101
1 981 703 154 101
1 977 714 154 81
1 977 714 154 81
1 953 705 195 101
1 948 704 195 101
1 946 704 195 101
1 944 704 195 101
1 946 714 195 81
1 946 714 195 81
1 946 704 195 101
1 943 714 194 81
1 943 713 194 81
1 941 713 195 81
1 940 705 195 80
1 941 705 195 80
1 941 705 195 80
1 941 704 195 81
1 940 705 195 80
1 941 705 195 80
1 941 705 195 80
1 940 695 195 101
1 935 700 195 101
1 935 700 195 101
1 935 701 195 101
1 935 701 195 101
1 935 701 195 101
1 935 701 195 101
1 935 702 195 101
1 935 702 195 101
1 935 701 195 101
1 941 702 195 101
1 943 696 194 101
1 941 696 195 101
1 933 700 195 101
1 933 694 194 101
1 931 693 195 101
1 930 702 195 80
1 928 703 195 81
1 926 690 195 101
1 926 690 195 101
1 923 690 195 101
1 921 699 194 80
1 917 689 195 100
1 913 689 195 100
1 905 699 194 80
1 909 687 195 100
1 900 689 195 100
1 900 687 195 100
1 891 689 195 100
1 887 697 195 80
1 880 694 194 81
1 877 697 194 80
1 874 687 195 100
1 881 697 154 80
1 880 697 154 80
1 859 694 194 81
1 858 697 194 80
1 858 694 194 81
1 856 684 195 101
1 856 682 195 101
1 856 682 195 101
1 854 682 195 101
1 854 682 195 101
1 850 682 194 101
1 847 680 194 100
1 847 680 194 100
1 847 680 194 100
1 843 680 195 100
1 839 682 195 101
1 835 680 195 100
1 831 680 195 100
1 831 682 195 101
1 826 682 195 101
1 826 682 195 101
1 826 682 195 101
1 822 682 194 101
1 822 682 194 101
1 822 682 194 101
1 817 682 195 101
0
1 822 682 194 101
0
0
0
0
0
0
0
0
0
1 784 670 194 100
0
0
0
0
0
1 757 672 195 101
0
0
0
0
0
0
1 748 667 195 101
1 748 667 195 101
1 743 667 195 101
1 739 665 195 101
0
1 739 665 195 101
1 735 665 195 101
0
1 735 665 195 101
1 735 667 195 101
1 735 667 195 101
1 735 667 195 101
1 735 670 195 100
0
1 735 672 195 101
0
0
0
0
0
0
0
0
0
0
0
0
0
0
0
0
0
1 721 674 195 101
1 720 674 195 101
1 708 672 195 101
0
0
0
0
0
0
0
0
0
0
1 679 670 194 100
1 679 670 194 100
1 679 670 194 100
1 679 667 194 101
1 683 667 195 101
1 683 665 195 101
0
0
0
0
0
0
0
0
0
0
0
0
0
0
0
0
0
0
0
0
0
0
0
0
0
0
0
0
0
0
0
0
0
0
0
0
0
0
1 637 626 195 101
1 637 626 195 101
1 638 624 195 101
1 638 622 195 101
1 637 622 195 101
1 637 621 195 101
1 637 619 195 101
1 636 618 195 101
1 636 617 195 101
1 635 613 194 101
1 636 611 195 101
1 635 610 194 101
1 633 609 195 100
1 633 605 195 101
1 635 604 194 100
1 635 601 194 101
1 635 599 194 101
1 635 599 194 101
1 636 596 195 101
1 636 594 195 101
1 636 591 195 101
1 636 591 195 101
1 637 589 195 101
1 638 586 195 101
1 645 589 195 101
1 638 586 195 101
1 638 584 195 101
1 638 586 195 101
1 638 584 195 101
1 645 586 195 101
1 646 586 195 101
0
0
0
0
1 646 581 195 101
0
1 646 576 195 101
1 645 575 195 101
1 647 571 195 101
1 645 568 195 101
1 646 567 195 101
1 646 566 195 100
1 645 564 195 101
1 645 564 195 101
1 645 562 195 101
1 639 560 195 101
1 639 560 195 101
1 638 557 195 101
1 638 557 195 101
1 636 555 195 101
1 636 555 195 101
1 636 552 195 101
1 636 552 195 101
1 636 550 195 101
1 636 547 195 101
1 636 545 195 101
1 636 545 195 101
1 636 545 195 101
1 636 545 195 101
1 635 543 194 101
1 635 541 194 101
1 635 538 194 101
1 635 537 194 100
1 633 537 195 100
1 628 536 195 100
1 628 535 195 101
1 628 535 195 101
1 625 535 195 101
1 625 535 195 101
1 618 537 195 100
1 618 537 195 100
1 618 538 195 101
1 618 539 195 101
1 614 539 194 101
1 614 539 194 101
1 609 541 195 101
1 609 541 195 101
1 609 543 195 101
1 609 543 195 101
1 609 541 195 101
1 609 541 195 101
1 609 541 195 101
1 609 541 195 101
1 609 539 195 101
1 609 539 195 101
1 609 539 195 101
1 609 541 195 101
1 614 541 194 101
1 614 543 194 101
1 614 541 194 101
1 614 543 194 101
1 614 543 194 101
1 609 543 195 101
1 614 545 194 101
1 618 545 195 101
1 618 543 195 101
1 618 543 195 101
1 622 543 194 101
1 622 543 194 101
1 646 541 153 101
1 649 541 153 101
1 649 543 153 101
1 646 543 153 101
1 655 543 154 101
1 655 543 154 101
1 656 541 154 101
1 656 539 154 101
1 658 539 153 101
1 658 549 153 81
1 658 549 153 81
1 658 539 153 101
1 656 541 154 101
1 658 543 153 101
1 658 543 153 101
1 658 553 153 81
1 658 543 153 101
1 659 543 153 101
1 658 543 153 101
1 658 545 153 101
1 659 545 153 101
1 666 541 154 101
1 666 551 153 81
1 668 549 154 81
1 671 549 154 81
1 673 548 154 81
1 669 547 154 80
1 668 539 154 80
1 671 537 154 80
1 671 536 154 80
1 675 534 154 81
1 675 532 154 81
1 675 532 154 81
1 675 530 154 81
1 673 530 154 81
1 673 530 154 81
1 671 530 154 81
1 671 530 154 81
1 673 530 154 81
1 673 528 154 81
1 673 528 154 81
1 675 526 154 81
1 678 528 154 81
1 682 518 154 101
1 682 516 154 101
1 682 516 154 101
1 686 513 154 101
1 686 523 154 81
1 690 521 154 81
1 669 521 195 81
1 694 511 154 101
1 674 518 195 81
1 704 518 153 81
1 704 518 153 81
1 708 518 154 81
1 708 518 154 81
1 712 516 154 81
1 712 516 154 81
1 708 513 154 81
1 708 511 154 81
1 708 511 154 81
1 699 511 154 81
1 699 511 154 81
1 699 509 154 81
1 699 508 154 80
1 699 508 154 80
1 690 494 154 101
1 682 497 154 81
1 682 495 154 81
1 686 494 154 81
1 678 493 154 80
1 673 493 154 80
1 671 491 154 81
0
1 649 489 153 81
1 646 489 153 81
1 642 489 154 81
1 638 487 154 81
1 634 487 154 81
1 625 487 154 81
1 609 487 195 81
1 625 487 154 81
1 600 487 195 81
1 600 487 195 81
1 596 477 194 101
1 596 487 194 81
1 600 477 195 101
1 621 474 153 101
1 621 482 153 81
1 605 472 194 101
1 605 472 194 101
1 609 482 195 81
1 634 479 154 81
1 630 477 154 81
1 634 477 154 81
1 638 477 154 81
1 638 467 154 101
1 646 479 153 81
1 649 477 153 81
1 646 477 153 81
1 646 479 153 81
1 649 477 153 81
1 646 477 153 81
1 649 467 153 101
1 649 474 153 81
1 649 474 153 81
1 649 477 153 81
1 651 474 154 81
1 651 474 154 81
1 649 474 153 81
1 649 474 153 81
1 646 474 153 81
1 646 477 153 81
0
1 642 469 154 101
1 642 479 154 81
1 646 479 153 81
0
0
0
0
0
0
0
0
0
0
0
0
0
0
0
0
1 686 511 154 81
1 686 511 154 81
1 699 513 154 81
0
0
1 708 521 154 81
0
0
0
0
0
0
0
0
0
0
0
0
0
0
0
0
0
0
0
0
0
0
0
0
0
0
0
0
0
0
0
0
0
0
0
0
0
0
0
0
0
0
0
0
0
0
0
0
0
0
0
0
0
0
0
0
0
0
0
0
0
0
0
0
0
0
0
0
0
0
0
0
0
0
0
0
0
0
0
0
0
0
0
0
0
0
0
0
0
0
0
0
0
0
0
0
0
0
0
0
0
0
0
0
0
0
0
0
0
0
0
0
0
0
0
0
0
0
0
0
0
0
0
0
0
0
0
0
0
0
0
0
0
0
0
0
0
0
0
0
0
0
0
0
0
0
0
0
0
0
0
0
0
0
0
0
0
0
0
0
0
0
0
0
0
0
0
0
0
0
0
0
0
0
0
0
0
0
0
0
0
0
0
0
0
0
0
0
0
0
0
0
0
0
0
0
0
0
0
0
0
0
0
0
0
0
0
0
0
0
0
0
0
0
0
0
0
0
0
0
0
0
0
0
0
0
0
0
0
0
0
0
0
0
0
0
0
0
0
0
0
0
0
0
0
0
0
0
0
0
0
0
0
0
0
0
0
0
0
0
0
0
0
0
0
0
0
0
0
0
0
0
0
0
0
0
0
0
0
0
0
0
0
0
0
0
0
0
0
0
0
0
0
0
0
0
0
0
0
0
0
0
0
0
0
0
0
0
0
0
0
0
0
0
0
0
0
0
0
0
0
0
0
0
0
0
0
0
0
0
0
0
0
0
0
0
0
0
0
0
0
0
0
0
0
0
0
0
0
0
0
0
0
0
0
0
0
0
0
0
0
0
0
0
0
0
0
0
0
0
0
0
0
0
0
0
0
0
0
0
0
0
0
0
0
0
0
0
0
0
0
0
0
0
0
0
0
0
0
0
0
0
0
0
0
0
0
0
0
0
0
0
0
0
0
0
0
0
0
0
0
0
0
0
0
0
0
0
0
0
0
0
0
0
0
0
0
0
0
0
0
0
0
0
0
0
0
0
0
0
0
0
0
0
0
0
0
0
0
0
0
0
0
0
0
0
0
0
0
0
0
0
0
0
0
0
0
0
0
0
0
0
0
0
0
0
0
0
0
0
0
0
0
0
0
0
0
0
0
0
0
0
0
0
0
0
0
0
0
0
0
0
0
1 1717 848 195 65
0
0
0
0
0
0
0
0
0
0
0
0
0
0
0
0
0
0
0
0
0
0
0
0
0
0
0
0
0
0
0
1 1412 1001 195 79
0
1 1426 1002 195 78
1 1434 1002 195 78
1 1437 1002 195 78
1 1440 1004 195 76
1 1443 1002 195 78
1 1445 1003 195 77
0
0
0
0
0
0
0
0
0
0
0
0
0
0
0
0
0
0
0
0
0
0
0
0
0
0
0
0
0
0
0
0
0
0
0
0
0
0
0
0
0
0
0
0
0
0
0
0
0
0
0
0
0
0
0
0
0
0
0
0
0
0
0
0
0
0
0
0
0
0
0
0
0
0
0
0
0
0
0
0
0
0
0
0
0
0
0
0
0
0
0
0
0
0
0
0
0
0
0
0
0
0
0
0
0
0
0
0
0
0
0
0
0
0
0
0
0
0
0
0
0
0
0
0
0
0
0
0
0
0
0
0
0
0
0
0
0
0
0
0
0
0
0
0
0
0
0
0
0
0
0
0
0
0
0
0
0
0
0
0
0
0
0
0
0
0
0
0
0
0
0
0
0
0
0
0
0
0
0
0
0
0
0
0
0
0
0
0
0
0
0
0
0
0
0
0
0
0
0
0
0
0
0
0
0
0
0
0
0
0
0
0
0
0
0
0
0
0
0
0
0
0
0
0
0
0
0
0
0
0
0
0
0
0
0
0
0
0
0
0
0
0
0
0
0
0
0
0
0
0
0
0
0
0
0
0
0
0
0
0
0
0
0
0
0
0
0
0
0
0
0
0
0
0
0
0
0
0
0
0
0
0
0
0
0
0
0
0
0
0
0
0
0
0
0
0
0
0
0
0
0
0
0
0
0
0
0
0
0
0
0
0
0
0
0
0
0
0
0
0
0
0
0
0
0
0
0
0
0
0
0
0
0
0
0
0
0
0
0
0
0
0
0
0
0
0
0
0
0
0
0
0
0
0
0
0
0
0
0
0
0
0
0
0
0
0
0
0
0
0
0
0
0
0
0
0
0
0
0
0
0
0
0
0
0
0
0
0
0
0
0
0
0
0
0
0
0
0
0
0
0
0
0
0
0
0
0
0
0
0
0
0
0
0
0
0
0
0
0
0
0
0
1 673 672 123 101
0
0
0
0
0
0
0
0
0
1 598 684 123 101
0
0
0
0
0
0
0
0
0
0
0
0
0
0
0
0
0
0
0
0
0
0
0
0
0
0
0
0
0
0
0
0
0
0
0
0
0
0
0
0
0
0
0
0
0
0
0
0
0
0
0
0
0
0
0
0
0
0
0
0
0
0
0
0
0
0
0
0
0
0
0
0
0
0
0
0
0
0
0
0
0
0
0
0
0
0
0
0
0
0
0
0
0
0
0
0
0
0
0
0
0
0
0
0
0
0
0
0
0
0
0
0
0
0
