0
0
0
0
0
0
0
0
0
0
0
0
0
0
0
0
0
0
0
0
0
0
0
0
0
0
0
0
0
0
0
0
0
0
0
0
0
0
0
0
0
0
0
0
0
0
0
0
0
0
0
0
0
0
0
0
0
0
0
0
0
0
0
0
0
0
0
0
0
0
0
0
0
0
0
0
0
0
0
0
0
0
0
0
0
0
0
0
0
0
0
0
0
0
0
0
0
0
0
0
0
0
0
0
0
0
0
0
0
0
0
0
0
0
0
0
0
0
0
0
0
0
0
0
0
0
0
0
0
0
0
0
0
0
0
0
0
0
0
0
0
0
0
0
0
0
0
0
0
0
0
0
0
0
0
0
0
0
0
0
0
0
0
0
0
0
0
0
0
0
0
0
0
0
0
0
0
0
0
0
0
0
0
0
0
0
0
0
0
0
0
0
0
0
0
0
0
0
0
0
0
0
0
0
0
0
0
0
0
0
0
0
0
0
0
0
0
0
0
0
0
0
0
0
0
0
0
0
0
0
0
0
1 1038 800 168 127
0
0
0
0
0
0
1 1020 821 168 126
0
1 1017 821 168 126
0
0
0
0
0
0
0
0
0
1 978 838 168 126
0
1 967 842 168 126
0
0
0
0
0
1 947 857 168 127
1 941 860 169 127
1 941 862 169 127
1 908 850 213 160
1 900 850 213 160
0
1 883 847 220 166
1 883 862 195 146
1 880 865 194 145
1 877 865 194 145
1 862 863 211 159
1 846 862 220 166
1 855 861 225 168
1 840 867 220 166
1 837 867 220 166
1 837 870 220 166
1 834 869 220 166
1 820 877 225 168
1 815 878 226 168
1 808 885 213 160
1 802 880 225 167
1 798 883 225 168
1 790 883 226 168
1 771 894 220 166
1 768 896 220 166
1 766 899 220 166
1 769 909 195 145
1 749 899 220 166
1 744 901 220 166
1 740 905 220 166
1 740 903 220 166
1 724 904 225 168
1 714 907 225 168
1 697 911 220 165
1 699 919 214 161
1 693 916 226 164
1 680 917 226 163
1 668 917 225 163
1 659 918 225 162
1 664 931 197 149
1 657 931 197 149
1 637 935 195 145
1 607 916 247 164
1 628 936 195 144
1 618 936 195 144
1 605 937 194 143
1 591 938 195 142
1 584 940 195 140
1 579 942 194 138
1 575 942 195 138
1 559 951 195 129
1 525 932 247 148
1 514 932 247 148
1 531 953 195 127
1 491 933 248 147
1 514 953 195 127
1 479 934 247 146
1 485 969 195 111
1 451 950 247 130
1 444 944 247 136
1 435 944 248 136
1 431 944 247 136
1 422 945 247 135
1 410 945 247 135
1 405 951 247 129
1 383 952 247 128
1 374 954 247 126
1 370 957 247 123
0
0
0
0
0
0
0
0
0
0
0
0
0
0
0
0
0
0
0
0
0
0
0
0
0
0
0
0
0
0
0
0
0
0
0
0
0
0
0
0
0
0
0
0
0
0
0
0
0
0
0
0
0
0
0
0
0
0
0
0
0
0
0
0
0
0
0
0
0
0
0
0
0
0
0
0
0
0
0
0
0
0
0
0
0
0
0
0
0
0
0
0
0
0
0
0
0
0
0
0
0
0
0
0
0
0
0
0
0
0
0
0
0
1 548 325 195 145
0
1 540 328 195 145
0
1 547 363 154 115
0
0
0
0
0
0
0
0
0
0
0
0
0
0
0
0
0
0
0
0
0
0
0
0
0
0
0
0
0
0
0
0
0
0
0
0
0
0
0
0
0
0
0
0
0
0
0
0
0
0
0
0
0
0
0
0
0
0
0
0
0
0
0
0
0
0
0
0
0
0
0
0
0
0
0
0
0
0
0
0
0
0
0
0
0
0
0
0
0
0
0
0
0
0
0
0
0
0
0
0
0
0
0
0
0
0
0
0
0
0
0
0
0
0
0
0
0
1 1446 725 154 115
0
0
0
0
0
0
0
0
0
0
0
0
0
0
0
1 1457 736 280 210
0
0
0
0
1 1513 754 280 210
1 1522 757 280 210
1 1522 759 280 210
1 1527 760 279 210
1 1535 763 280 210
1 1539 763 280 210
0
0
0
0
1 1570 781 280 210
0
1 1539 758 353 266
1 1538 760 355 267
0
0
0
0
0
0
0
0
0
0
0
0
0
0
0
0
0
0
0
0
0
0
0
0
0
0
0
0
0
0
0
0
0
0
0
0
0
0
0
0
0
0
0
0
0
0
0
0
0
0
0
0
0
0
0
0
0
0
0
0
0
0
0
0
0
0
0
0
0
0
0
0
0
0
0
0
0
0
0
0
0
0
0
0
0
0
0
0
0
0
0
0
0
0
0
0
0
0
0
0
0
0
0
0
0
0
0
0
0
0
0
0
0
0
0
0
0
0
0
0
0
0
0
0
0
0
0
0
0
0
0
0
0
0
0
0
0
0
0
0
0
0
0
0
0
0
0
0
0
0
0
0
0
0
0
0
0
0
0
0
0
0
0
0
0
0
0
0
0
0
0
0
0
1 1067 546 122 91
0
1 1067 544 122 91
1 1067 548 122 91
1 1067 548 122 91
1 1071 548 122 91
1 1075 548 122 91
1 1065 543 134 101
1 1075 550 122 91
1 1079 550 123 91
1 1064 535 153 113
1 1089 548 122 91
1 1093 550 122 91
1 1093 550 122 91
1 1077 538 154 115
1 1077 536 154 115
1 1093 550 122 91
1 1105 550 122 91
1 1089 538 154 115
1 1089 536 154 115
1 1105 548 122 91
1 1108 548 122 91
1 1094 536 154 115
1 1092 538 154 115
1 1094 540 154 115
1 1096 543 154 115
1 1096 543 154 115
1 1096 545 154 115
1 1094 545 154 115
1 1094 545 154 115
1 1098 548 154 115
1 1098 548 154 115
1 1114 560 122 91
1 1117 563 122 90
1 1117 563 122 90
1 1118 563 122 90
1 1119 551 153 114
1 1122 551 153 114
1 1125 553 154 115
1 1108 542 195 145
1 1129 560 154 115
1 1129 562 154 115
1 1149 584 122 91
1 1149 584 122 91
1 1137 577 154 115
1 1137 575 154 115
1 1137 577 154 115
1 1142 580 154 114
1 1142 582 154 115
1 1142 584 154 115
1 1147 585 153 113
1 1142 587 154 115
1 1137 587 154 115
1 1137 590 154 114
1 1137 592 154 115
1 1133 594 154 115
1 1129 597 154 114
1 1133 597 154 114
1 1122 602 153 114
1 1122 605 153 113
1 1132 625 122 90
1 1118 627 122 91
1 1118 631 122 91
1 1102 620 153 113
1 1098 623 154 115
1 1096 623 154 115
1 1096 628 154 115
1 1089 629 154 114
1 1085 631 154 115
1 1081 634 154 114
1 1073 636 154 115
1 1073 638 154 115
1 1068 638 154 115
1 1068 642 154 114
1 1068 645 154 115
1 1068 654 154 115
1 1059 654 154 115
1 1059 655 154 115
1 1059 657 154 115
1 1055 659 154 114
1 1055 660 154 115
1 1051 660 154 115
1 1048 660 154 115
1 1045 663 154 114
1 1022 650 195 145
1 1040 667 154 115
1 1038 665 154 115
1 1028 670 154 115
1 1043 685 122 90
1 1027 673 154 114
1 1027 675 154 115
1 1026 677 154 115
1 1024 677 154 115
1 1022 680 154 114
1 1022 683 154 115
1 1020 683 154 115
1 1004 669 195 146
1 1000 671 195 145
1 1000 672 195 145
1 1020 687 154 115
1 1000 672 195 146
1 1018 693 154 115
1 1015 695 154 115
1 994 680 195 145
1 1008 695 153 113
1 1003 694 154 115
1 994 695 154 115
1 969 680 195 145
1 969 680 195 145
1 965 679 195 145
1 981 696 154 115
1 977 697 154 115
1 977 697 154 115
1 953 683 195 145
1 948 682 195 145
1 946 682 195 145
1 944 682 195 145
1 946 682 195 145
1 946 682 195 145
1 946 682 195 145
1 943 682 194 145
1 943 681 194 145
1 941 681 195 145
1 940 672 195 146
1 941 672 195 146
1 941 672 195 146
1 941 672 195 145
1 940 672 195 146
1 941 672 195 146
1 941 672 195 146
1 940 673 195 145
1 935 678 195 145
1 935 678 195 145
1 935 679 195 145
1 935 679 195 145
1 935 679 195 145
1 935 679 195 145
1 935 680 195 145
1 935 680 195 145
1 935 679 195 145
1 941 680 195 145
1 943 674 194 145
1 941 674 195 145
1 933 678 195 145
1 933 672 194 145
1 931 671 195 145
1 930 669 195 146
1 928 671 195 145
1 926 668 195 145
1 926 668 195 145
1 923 668 195 145
1 921 667 194 144
1 917 666 195 146
1 913 666 195 146
1 905 667 194 144
1 909 664 195 146
1 900 666 195 146
1 900 664 195 146
1 891 666 195 146
1 887 664 195 146
1 880 662 194 145
1 877 665 194 144
1 874 664 195 146
1 881 680 154 114
1 880 680 154 114
1 859 662 194 145
1 858 665 194 144
1 858 662 194 145
1 856 662 195 145
1 856 660 195 145
1 856 660 195 145
1 854 660 195 145
1 854 660 195 145
1 850 660 194 145
1 847 658 194 144
1 847 658 194 144
1 847 658 194 144
1 843 657 195 146
1 839 660 195 145
1 835 657 195 146
1 831 657 195 146
1 831 660 195 145
1 826 660 195 145
1 826 660 195 145
1 826 660 195 145
1 822 660 194 145
1 822 660 194 145
1 822 660 194 145
1 817 660 195 145
1 791 640 247 185
1 822 660 194 145
1 791 640 247 185
1 791 638 247 184
1 783 638 247 184
1 783 638 247 184
1 779 635 248 185
1 777 632 247 185
1 774 632 247 185
1 770 632 247 185
1 766 630 247 185
1 784 648 194 144
1 754 630 247 185
1 750 628 247 184
1 743 628 247 184
1 739 627 248 186
1 731 628 247 184
1 757 650 195 145
1 731 630 247 185
1 731 628 247 184
1 726 630 247 185
1 722 628 247 184
1 722 628 247 184
1 722 628 247 184
1 748 645 195 145
1 748 645 195 145
1 743 645 195 145
1 739 643 195 145
1 717 623 247 185
1 739 643 195 145
1 735 643 195 145
1 709 623 247 185
1 735 643 195 145
1 735 645 195 145
1 735 645 195 145
1 735 645 195 145
1 735 647 195 146
1 709 630 247 185
1 735 650 195 145
1 709 632 247 185
1 709 635 247 185
1 709 635 247 185
1 709 635 247 185
1 709 635 247 185
1 713 638 247 184
1 709 638 247 184
1 709 638 247 184
1 709 635 247 185
1 713 635 247 185
1 709 635 247 185
1 709 638 247 184
1 706 638 247 184
1 706 638 247 184
1 703 635 247 185
1 700 635 247 185
1 696 632 247 185
1 721 652 195 145
1 720 652 195 145
1 708 650 195 145
1 678 630 247 185
1 676 630 247 185
1 673 628 247 184
1 665 630 248 185
1 665 627 248 186
1 661 625 248 185
1 657 625 247 185
1 657 625 247 185
1 657 625 247 185
1 652 627 248 186
1 679 648 194 144
1 679 648 194 144
1 679 648 194 144
1 679 645 194 145
1 683 645 195 145
1 683 643 195 145
1 657 623 247 185
1 657 622 247 185
1 657 619 247 185
1 657 619 247 185
1 657 619 247 185
1 652 620 248 185
1 648 620 247 185
1 652 622 248 185
1 652 622 248 185
1 648 623 247 185
1 648 623 247 185
1 648 623 247 185
1 648 623 247 185
1 648 623 247 185
1 648 623 247 185
1 648 622 247 185
1 648 620 247 185
1 648 620 247 185
1 648 619 247 185
1 648 618 247 185
1 643 617 247 185
1 648 617 247 185
1 643 616 247 185
1 652 610 248 185
1 648 608 247 185
1 648 605 247 185
1 643 605 247 185
1 639 603 247 185
1 639 601 247 185
1 635 601 247 185
1 635 599 247 184
1 632 596 247 185
1 629 596 247 185
1 626 593 248 185
1 622 591 248 185
1 624 591 247 185
1 621 588 247 185
1 620 586 247 185
1 637 604 195 145
1 637 604 195 145
1 638 602 195 145
1 638 600 195 145
1 637 600 195 145
1 637 599 195 145
1 637 597 195 145
1 636 596 195 145
1 636 595 195 145
1 635 591 194 145
1 636 589 195 145
1 635 588 194 145
1 633 586 195 146
1 633 583 195 145
1 635 582 194 144
1 635 579 194 145
1 635 577 194 145
1 635 577 194 145
1 636 574 195 145
1 636 572 195 145
1 636 569 195 145
1 636 569 195 145
1 637 567 195 145
1 638 564 195 145
1 645 567 195 145
1 638 564 195 145
1 638 562 195 145
1 638 564 195 145
1 638 562 195 145
1 645 564 195 145
1 646 564 195 145
1 620 544 247 185
1 621 544 247 185
1 620 542 247 185
1 620 540 247 185
1 646 559 195 145
1 621 536 247 185
1 646 554 195 145
1 645 553 195 145
1 647 549 195 145
1 645 546 195 145
1 646 545 195 145
1 646 543 195 146
1 645 542 195 145
1 645 542 195 145
1 645 540 195 145
1 639 538 195 145
1 639 538 195 145
1 638 535 195 145
1 638 535 195 145
1 636 533 195 145
1 636 533 195 145
1 636 530 195 145
1 636 530 195 145
1 636 528 195 145
1 636 525 195 145
1 636 523 195 145
1 636 523 195 145
1 636 523 195 145
1 636 523 195 145
1 635 521 194 145
1 635 519 194 145
1 635 516 194 145
1 635 515 194 144
1 633 514 195 146
1 628 513 195 146
1 628 513 195 145
1 628 513 195 145
1 625 513 195 145
1 625 513 195 145
1 618 514 195 146
1 618 514 195 146
1 618 516 195 145
1 618 517 195 145
1 614 517 194 145
1 614 517 194 145
1 609 519 195 145
1 609 519 195 145
1 609 521 195 145
1 609 521 195 145
1 609 519 195 145
1 609 519 195 145
1 609 519 195 145
1 609 519 195 145
1 609 517 195 145
1 609 517 195 145
1 609 517 195 145
1 609 519 195 145
1 614 519 194 145
1 614 521 194 145
1 614 519 194 145
1 614 521 194 145
1 614 521 194 145
1 609 521 195 145
1 614 523 194 145
1 618 523 195 145
1 618 521 195 145
1 618 521 195 145
1 622 521 194 145
1 622 521 194 145
1 646 535 153 113
1 649 535 153 113
1 649 537 153 113
1 646 537 153 113
1 655 536 154 115
1 655 536 154 115
1 656 534 154 115
1 656 532 154 115
1 658 533 153 113
1 658 533 153 113
1 658 533 153 113
1 658 533 153 113
1 656 534 154 115
1 658 537 153 113
1 658 537 153 113
1 658 537 153 113
1 658 537 153 113
1 659 537 153 113
1 658 537 153 113
1 658 539 153 113
1 659 539 153 113
1 666 534 154 115
1 666 535 153 113
1 668 532 154 115
1 671 532 154 115
1 673 531 154 115
1 669 530 154 114
1 668 522 154 114
1 671 520 154 114
1 671 519 154 114
1 675 517 154 115
1 675 515 154 115
1 675 515 154 115
1 675 513 154 115
1 673 513 154 115
1 673 513 154 115
1 671 513 154 115
1 671 513 154 115
1 673 513 154 115
1 673 511 154 115
1 673 511 154 115
1 675 509 154 115
1 678 511 154 115
1 682 511 154 115
1 682 509 154 115
1 682 509 154 115
1 686 506 154 115
1 686 506 154 115
1 690 504 154 115
1 669 489 195 145
1 694 504 154 115
1 674 486 195 145
1 704 502 153 113
1 704 502 153 113
1 708 501 154 115
1 708 501 154 115
1 712 499 154 115
1 712 499 154 115
1 708 496 154 115
1 708 494 154 115
1 708 494 154 115
1 699 494 154 115
1 699 494 154 115
1 699 492 154 115
1 699 491 154 114
1 699 491 154 114
1 690 487 154 115
1 682 480 154 115
1 682 478 154 115
1 686 477 154 115
1 678 476 154 114
1 673 476 154 114
1 671 474 154 115
0
1 649 473 153 113
1 646 473 153 113
1 642 472 154 115
1 638 470 154 115
1 634 470 154 115
1 625 470 154 115
1 609 455 195 145
1 625 470 154 115
1 600 455 195 145
1 600 455 195 145
1 596 455 194 145
1 596 455 194 145
1 600 455 195 145
1 621 468 153 113
1 621 466 153 113
1 605 450 194 145
1 605 450 194 145
1 609 450 195 145
1 634 462 154 115
1 630 460 154 115
1 634 460 154 115
1 638 460 154 115
1 638 460 154 115
1 646 463 153 113
1 649 461 153 113
1 646 461 153 113
1 646 463 153 113
1 649 461 153 113
1 646 461 153 113
1 649 461 153 113
1 649 458 153 113
1 649 458 153 113
1 649 461 153 113
1 651 457 154 115
1 651 457 154 115
1 649 458 153 113
1 649 458 153 113
1 646 458 153 113
1 646 461 153 113
0
1 642 462 154 115
1 642 462 154 115
1 646 463 153 113
0
0
0
0
0
0
0
0
0
0
0
0
0
0
0
0
1 686 494 154 115
1 686 494 154 115
1 699 496 154 115
0
0
1 708 504 154 115
0
0
0
0
0
0
0
0
0
0
0
0
0
0
0
0
0
0
0
0
0
0
0
0
0
0
0
0
0
0
0
0
0
0
0
0
0
0
0
0
0
0
0
0
0
0
0
0
0
0
0
0
0
0
0
0
0
0
0
0
0
0
0
0
0
0
0
0
0
0
0
0
0
0
0
0
0
0
0
0
0
0
0
0
0
0
0
0
0
0
0
0
0
0
0
0
0
0
0
0
0
0
0
0
0
0
0
0
0
0
0
0
0
0
0
0
0
0
0
0
0
0
0
0
0
0
0
0
0
0
0
0
0
0
0
0
0
0
0
0
0
0
0
0
0
0
0
0
0
0
0
0
0
0
0
0
0
0
0
0
0
0
0
0
0
0
0
0
0
0
0
0
0
0
0
0
0
0
0
0
0
0
0
0
0
0
0
0
0
0
0
0
0
0
0
0
0
0
0
0
0
0
0
0
0
0
0
0
0
0
0
0
0
0
0
0
0
0
0
0
0
0
0
0
0
0
0
0
0
0
0
0
0
0
0
0
0
0
0
0
0
0
0
0
0
0
0
0
0
0
0
0
0
0
0
0
0
0
0
0
0
0
0
0
0
0
0
0
0
0
0
0
0
0
0
0
0
0
0
0
0
0
0
0
0
0
0
0
0
0
0
0
0
0
0
0
0
0
0
0
0
0
0
0
0
0
0
0
0
0
0
0
0
0
0
0
0
0
0
0
0
0
0
0
0
0
0
0
0
0
0
0
0
0
0
0
0
0
0
0
0
0
0
0
0
0
0
0
0
0
0
0
0
0
0
0
0
0
0
0
0
0
0
0
0
0
0
0
0
0
0
0
0
0
0
0
0
0
0
0
0
0
0
0
0
0
0
0
0
0
0
0
0
0
0
0
0
0
0
0
0
0
0
0
0
0
0
0
0
0
0
0
0
0
0
0
0
0
0
0
0
0
0
0
0
0
0
0
0
0
0
0
0
0
0
0
0
0
0
0
0
0
0
0
0
0
0
0
0
0
0
0
0
0
0
0
0
0
0
0
0
0
0
0
0
0
0
0
0
0
0
0
0
0
0
0
0
0
0
0
0
0
0
0
0
0
0
0
0
0
0
0
0
0
0
0
0
0
0
0
0
0
0
0
0
0
0
0
0
0
0
1 1266 923 168 127
1 1269 925 168 127
1 1717 808 195 145
1 1265 916 194 145
1 1245 904 225 168
1 1249 906 226 168
1 1269 919 195 145
1 1254 906 225 168
1 1258 907 226 168
1 1286 930 195 145
1 1286 931 195 145
1 1267 917 226 163
1 1293 933 194 144
1 1290 932 195 146
1 1293 934 194 145
1 1293 936 194 144
1 1297 938 195 142
1 1317 946 195 134
1 1320 945 194 135
1 1320 948 194 132
1 1323 946 194 134
1 1330 948 195 132
1 1334 947 195 133
1 1339 948 194 132
1 1348 948 194 132
1 1348 950 194 130
1 1356 948 195 132
1 1360 949 195 131
1 1364 950 194 130
1 1367 951 194 129
1 1365 933 247 147
1 1367 932 248 148
1 1374 933 247 147
1 1374 934 247 146
1 1412 968 195 112
1 1386 934 247 146
1 1426 968 195 112
1 1434 968 195 112
1 1437 968 195 112
1 1440 969 195 111
1 1443 968 195 112
1 1445 969 195 111
1 1448 950 247 130
1 1456 951 247 129
1 1456 950 247 130
1 1465 950 247 130
1 1465 952 247 128
1 1474 952 247 128
0
0
0
0
0
0
0
0
0
0
0
1 1697 886 223 166
1 1701 886 219 166
0
0
0
0
0
0
0
0
0
0
0
0
0
0
0
0
0
0
0
0
0
0
0
0
0
0
0
0
0
0
0
0
0
0
0
0
0
0
0
0
0
0
0
0
0
0
0
0
0
0
0
0
0
0
0
0
0
0
0
0
0
0
0
0
0
0
0
0
0
0
0
0
0
0
0
0
0
0
0
0
0
0
0
0
0
0
0
0
0
0
0
0
0
0
0
0
0
0
0
0
0
0
0
0
0
0
0
0
0
0
0
0
0
0
0
0
0
0
0
0
0
0
0
0
0
0
0
0
0
0
0
0
0
0
0
0
0
0
0
0
0
0
0
0
0
0
0
0
0
0
0
0
0
0
0
0
0
0
0
0
0
0
0
0
0
0
0
0
0
0
0
0
0
0
0
0
0
0
0
0
0
0
0
0
0
0
0
0
0
0
0
0
0
0
0
0
0
0
0
0
0
0
0
0
0
0
0
0
0
0
0
0
0
0
0
0
0
0
0
0
0
0
0
0
0
0
0
0
0
0
0
0
0
0
0
0
0
0
0
0
0
0
0
0
0
0
0
0
0
0
0
0
0
0
0
0
0
0
0
0
0
0
0
0
0
0
0
0
0
0
0
0
0
0
0
0
0
0
0
0
0
0
0
0
0
0
0
0
0
0
0
0
0
0
0
0
0
0
0
0
0
0
0
0
0
0
0
0
0
0
0
0
0
0
0
0
0
0
0
0
0
0
0
0
0
0
0
0
0
0
0
0
0
0
0
0
0
0
0
0
0
0
0
0
0
0
0
0
0
0
0
0
0
0
0
0
0
0
0
0
0
0
0
0
0
0
0
0
0
0
0
0
0
0
0
0
0
0
0
0
0
0
0
0
0
0
0
0
0
0
0
0
0
0
0
0
0
0
0
0
1 671 649 168 127
1 666 651 168 127
1 664 654 168 127
1 668 672 133 101
1 649 662 168 126
1 648 659 168 127
1 646 662 168 126
1 635 664 168 127
1 627 662 168 126
1 618 664 168 127
1 613 664 169 127
1 605 667 168 126
1 592 669 168 127
1 593 684 133 101
1 572 676 168 126
1 565 679 168 126
1 539 662 212 160
1 553 679 168 126
1 535 680 168 127
1 516 690 168 126
1 503 691 168 127
1 498 692 169 127
1 487 698 168 127
1 470 689 195 145
1 457 689 195 145
1 452 689 195 145
1 447 701 168 126
1 440 703 169 127
1 429 708 168 127
1 396 691 221 166
1 420 713 168 127
1 380 696 219 165
1 368 697 225 167
1 347 699 226 169
1 355 722 195 145
1 325 714 220 166
1 317 715 226 168
1 307 717 226 168
1 298 719 226 168
1 285 722 225 167
1 270 724 226 168
1 268 727 225 167
1 243 731 226 169
1 237 736 226 168
1 202 715 280 210
1 193 717 280 210
1 180 719 279 210
1 180 719 279 210
1 176 720 280 210
0
0
0
0
0
0
0
0
0
0
0
0
0
0
0
0
0
0
0
0
0
0
0
0
0
0
0
0
0
0
0
0
0
0
0
0
0
0
0
0
0
0
0
0
0
0
0
0
0
0
0
0
0
0
0
0
0
0
0
0
0
0
0
0
0
0
0
0
0
0
0
0
0
0
0
0
0
0
0
