0
0
0
0
0
0
0
0
0
0
0
0
0
0
0
0
0
0
0
0
0
0
0
0
0
0
0
0
0
0
0
0
0
0
0
0
0
0
0
0
0
0
0
0
0
0
0
0
0
0
0
0
0
0
0
0
0
0
0
0
0
0
0
0
0
0
0
0
0
0
0
0
0
0
0
0
0
0
0
0
0
0
0
0
0
0
0
0
0
0
0
0
0
0
1 1767 692 85 65
1 1767 695 85 65
0
0
0
0
0
0
0
0
0
0
0
0
0
1 1701 697 87 66
1 1702 700 86 65
1 1701 697 87 66
1 1710 704 69 52
1 1701 697 87 66
1 1697 700 86 65
1 1701 697 87 66
1 1702 700 86 65
1 1701 697 87 66
1 1707 695 85 65
1 1696 697 88 66
1 1696 697 88 66
1 1696 697 88 66
1 1696 697 88 66
0
0
0
0
0
0
0
0
0
0
0
0
0
0
0
0
0
0
0
0
0
0
0
0
1 1629 726 108 81
0
0
1 1632 739 86 65
1 1621 726 108 81
1 1618 729 106 80
1 1618 729 106 80
1 1618 729 106 80
1 1618 729 106 80
1 1633 739 85 65
1 1628 739 86 65
0
1 1628 739 86 65
1 1627 741 88 66
1 1623 736 87 66
1 1624 739 85 65
1 1615 739 85 65
1 1610 739 86 65
1 1609 741 88 66
1 1605 741 88 66
0
1 1605 741 87 66
0
0
0
0
0
0
0
0
0
0
0
0
0
1 1546 773 85 65
0
1 1532 771 85 65
0
1 1512 763 105 80
1 1509 763 106 80
1 1484 770 107 81
1 1482 768 106 80
1 1475 768 106 80
1 1475 768 105 80
1 1470 768 106 80
1 1470 768 106 80
1 1466 768 106 80
1 1460 770 108 81
1 1465 770 108 81
1 1465 770 108 81
1 1467 778 86 65
1 1452 773 106 80
1 1443 770 108 81
1 1448 781 86 65
1 1440 780 97 71
1 1414 782 105 80
0
1 1418 788 86 65
1 1392 778 106 80
1 1397 782 106 80
1 1401 789 88 66
1 1388 780 105 80
1 1392 788 97 71
1 1387 783 107 81
1 1382 785 108 81
1 1382 785 108 81
1 1377 785 108 81
0
1 1369 800 108 81
1 1361 800 107 81
1 1342 807 106 80
1 1320 794 134 101
1 1323 794 134 101
1 1314 797 132 100
1 1317 797 133 100
1 1309 799 133 101
1 1304 799 134 101
1 1296 802 132 100
1 1280 802 132 100
1 1283 802 133 100
1 1277 802 132 100
1 1275 802 132 100
1 1267 817 108 81
1 1256 819 108 81
1 1243 811 134 101
1 1244 821 107 81
1 1239 821 107 81
1 1217 813 134 101
1 1213 816 134 101
1 1222 826 107 81
1 1213 829 133 100
1 1206 829 132 100
1 1209 830 134 101
1 1212 842 106 80
1 1184 836 133 101
1 1172 836 134 101
1 1169 838 134 101
1 1161 838 134 101
1 1153 841 132 100
1 1143 846 134 101
1 1135 843 134 101
1 1135 846 134 101
1 1126 846 134 101
1 1124 846 134 101
1 1121 866 108 81
1 1112 866 107 81
1 1087 859 134 101
1 1083 860 133 101
1 1078 869 134 101
1 1074 868 133 101
1 1058 870 133 101
1 1052 871 134 101
1 1049 873 133 101
1 1047 875 133 101
1 1035 880 133 100
1 1021 885 134 101
1 992 874 168 127
1 983 872 168 126
1 978 877 168 127
1 967 877 168 127
1 959 879 168 127
1 973 890 134 101
1 956 899 134 101
1 951 899 134 101
1 927 889 168 127
1 909 897 168 126
1 900 897 168 127
1 911 912 132 100
1 903 913 133 101
1 899 915 134 101
1 885 921 134 101
1 857 913 168 127
1 849 913 168 127
1 835 916 168 127
1 822 918 169 127
1 816 921 168 126
1 813 941 134 101
1 803 935 154 115
1 779 937 168 126
1 761 936 168 127
1 752 937 169 127
1 742 938 168 127
1 738 940 168 127
1 720 945 168 127
1 709 947 168 127
1 705 952 168 127
1 687 952 168 127
1 680 955 166 125
1 670 957 164 123
1 666 979 134 101
1 649 967 153 113
1 638 967 154 113
1 621 974 153 106
1 616 975 154 105
1 581 960 195 120
1 602 975 154 105
1 575 986 154 94
1 556 986 154 94
1 547 986 154 94
1 534 987 154 93
0
1 521 1005 122 75
1 486 990 154 90
1 477 990 154 90
1 473 994 154 86
1 484 1004 122 76
1 470 1007 122 73
1 413 1001 153 79
1 399 1002 154 78
0
0
0
0
0
0
0
0
0
0
0
0
0
0
0
0
0
0
0
0
0
0
0
0
0
0
0
0
0
0
0
0
0
0
0
0
0
0
0
0
0
0
0
0
0
0
0
0
0
0
0
0
0
0
0
0
0
1 1700 538 63 47
0
0
0
0
0
0
0
0
0
0
0
0
0
0
1 1387 527 98 73
1 1398 529 85 65
0
1 1393 524 86 65
1 1387 520 98 73
1 1097 482 78 57
0
0
0
0
0
0
0
0
0
0
0
0
0
0
0
0
0
0
0
0
0
0
0
0
0
0
0
0
0
1 1171 440 78 57
0
0
0
0
0
1 1184 437 69 53
0
1 1175 435 78 57
1 1171 431 86 65
1 1181 429 85 65
0
0
0
1 1181 430 86 65
1 1181 430 85 65
0
1 1836 459 69 53
0
0
1 1170 318 88 66
0
0
0
0
0
0
0
1 1250 414 86 65
1 1184 318 88 66
1 1263 420 78 57
1 1257 410 98 73
1 1263 412 86 65
0
1 1263 414 86 65
0
0
1 1196 316 86 65
1 1194 313 97 71
0
0
0
0
0
0
1 1470 449 70 53
0
1 52 648 78 57
0
0
0
0
1 1673 479 108 81
0
0
0
0
0
0
1 1440 359 122 91
0
1 1457 371 97 71
1 1444 359 122 91
1 1457 369 97 71
1 1449 361 122 91
1 0 586 100 101
1 1462 357 122 91
1 0 586 95 101
1 0 589 99 101
1 0 589 99 101
1 0 601 91 81
1 0 604 104 81
1 0 607 103 80
1 5 607 106 80
1 7 609 107 81
1 34 604 107 81
1 21 596 134 101
1 21 596 134 101
1 24 599 134 101
1 31 599 134 101
1 36 604 133 100
1 40 607 133 101
1 62 615 107 81
1 67 617 107 81
1 103 617 108 81
1 102 609 132 100
1 1821 484 99 81
1 1825 484 95 81
1 1821 484 99 81
1 122 636 108 81
1 118 626 134 101
1 128 630 133 101
1 132 633 133 101
1 136 633 133 101
1 166 633 134 101
1 169 633 133 101
1 175 635 134 101
1 175 635 134 101
1 175 628 168 126
1 201 638 134 101
1 210 641 132 100
1 212 643 134 101
1 215 647 134 101
1 233 655 108 81
1 249 649 133 101
1 248 638 169 127
1 275 651 134 101
1 279 650 134 101
1 276 645 154 115
1 287 672 133 101
1 312 667 134 101
1 314 672 133 101
1 309 662 168 126
1 323 662 168 126
1 339 670 154 115
1 340 667 168 126
1 349 669 168 127
1 384 684 133 101
1 371 674 167 126
1 388 679 167 126
1 397 679 167 126
1 410 679 168 126
1 404 673 194 144
1 442 707 133 101
1 458 709 133 101
1 457 698 168 127
1 470 698 168 127
1 475 701 168 126
1 491 701 168 126
1 500 708 168 127
1 513 711 168 126
1 505 696 212 160
1 540 717 168 127
1 540 711 195 145
1 565 720 168 127
1 1006 880 122 91
1 598 734 168 127
1 605 736 168 126
1 623 738 168 126
1 631 740 168 126
1 638 731 211 159
1 649 740 212 160
1 660 738 213 160
1 674 742 213 160
1 699 751 195 145
1 687 742 225 168
1 727 758 212 159
1 739 759 213 160
1 749 761 211 159
1 783 781 168 127
1 1285 951 154 115
1 805 780 211 159
1 818 781 220 165
1 834 782 220 166
1 867 784 220 166
1 876 795 225 168
1 892 801 220 166
1 911 801 220 166
1 941 813 220 166
1 954 812 225 168
1 972 817 225 168
1 977 803 280 210
1 1023 826 226 169
1 1041 838 226 168
1 1056 844 225 168
1 1083 849 225 167
1 1106 856 226 168
1 1127 861 225 168
1 1130 845 279 210
1 1180 869 226 169
1 1197 879 226 169
1 1223 885 225 168
1 1245 893 225 168
1 1277 900 226 168
1 1285 885 259 195
1 1297 877 287 203
1 1325 888 287 192
1 1348 894 286 186
1 1384 897 287 183
1 1415 896 287 184
1 1440 900 287 180
1 1471 915 287 165
1 1502 906 286 174
1 1528 907 286 173
1 1570 934 247 146
1 1639 971 194 109
1 1656 965 194 115
1 1689 951 195 129
1 1720 992 153 88
1 1733 994 154 86
1 1762 1009 122 71
1 1789 1020 97 60
0
1 1615 760 305 267
0
0
0
1 1684 763 236 267
1 1697 758 223 266
0
0
0
0
0
0
0
0
0
0
0
0
0
0
0
0
0
0
