0
0
0
0
0
0
0
0
0
0
0
0
0
0
0
0
0
0
0
0
0
0
0
0
0
0
0
0
0
0
0
0
0
0
0
0
0
0
0
0
0
0
0
0
0
0
0
0
0
0
0
0
0
0
0
0
0
0
0
0
0
0
0
0
0
0
0
0
1 1560 667 97 65
1 1560 668 97 65
0
0
0
0
0
0
0
0
0
0
0
0
0
0
0
0
0
0
0
0
0
0
0
0
0
0
0
0
0
0
0
0
0
0
0
0
0
0
0
0
0
0
1 1405 699 97 80
0
0
0
0
0
0
0
0
0
1 1375 690 122 101
0
0
1 1355 692 153 100
0
1 1370 689 122 100
0
0
0
0
0
0
0
0
0
0
0
0
0
0
0
0
0
0
0
0
0
0
0
0
0
0
0
0
0
0
0
0
0
0
0
0
0
0
1 1306 726 122 101
0
1 1297 726 122 101
0
1 1276 728 154 101
0
0
1 1276 730 154 101
1 1276 732 154 101
0
1 1285 730 122 101
0
0
0
0
0
0
0
0
0
0
0
0
1 1219 753 122 100
1 1215 753 122 100
0
0
0
1 1204 757 122 101
1 1190 760 154 101
0
0
0
0
0
0
0
0
0
0
0
0
0
0
0
0
0
1 1132 788 122 101
1 1132 790 122 101
0
0
0
0
0
0
0
0
0
0
0
0
0
0
0
0
0
0
0
0
0
0
0
0
0
0
0
0
0
0
0
0
0
0
0
0
0
0
0
0
0
0
0
0
0
0
0
0
0
0
0
0
0
0
0
0
0
0
0
0
0
0
0
0
0
0
0
0
0
0
0
0
0
0
0
0
0
0
0
0
0
0
0
0
0
0
0
0
0
0
0
0
0
0
0
0
0
0
0
0
0
1 487 985 195 95
0
1 470 1005 195 75
1 466 1005 195 75
1 457 1005 195 75
0
0
0
1 407 1020 194 60
0
0
0
0
0
0
0
0
0
0
0
0
0
0
0
0
0
0
0
0
0
0
0
0
0
0
0
0
0
0
0
0
0
0
0
0
0
0
0
0
0
0
0
0
0
0
0
0
0
0
0
0
0
0
0
0
0
0
0
0
0
0
0
0
0
0
0
0
0
0
0
0
0
0
0
0
0
0
0
0
0
0
0
0
0
0
0
0
0
0
0
0
0
0
0
0
0
0
0
0
0
0
0
0
0
0
0
0
0
0
0
0
0
0
0
0
0
0
0
0
0
0
0
0
0
0
0
0
0
0
0
0
0
0
0
0
0
0
0
0
0
0
0
0
0
0
0
0
0
0
0
0
0
0
0
0
0
0
0
0
0
0
0
0
0
0
0
0
0
0
0
0
1 1615 460 154 65
0
0
0
0
0
0
0
0
0
0
0
0
0
0
0
0
0
0
0
0
0
0
0
0
0
0
0
0
0
0
0
0
0
0
0
0
0
0
0
0
0
0
0
0
0
0
0
0
0
0
0
0
0
0
0
0
0
1 1453 694 122 101
0
0
0
0
0
1 1462 728 122 101
0
1 1437 734 154 101
0
0
0
1 1477 750 122 101
0
0
0
0
0
0
0
0
0
0
0
0
0
0
0
0
0
0
0
0
0
0
0
0
0
0
0
0
0
0
0
0
0
0
0
0
0
0
0
0
0
0
0
0
0
0
0
0
0
0
0
0
0
0
0
0
0
0
0
0
0
0
0
0
0
0
0
0
0
0
0
0
0
0
0
0
0
0
0
0
0
0
0
0
0
0
0
0
0
0
0
0
0
0
0
0
0
0
0
0
0
0
0
0
1 1089 658 78 66
1 1089 658 78 66
1 1089 656 78 65
0
1 1097 656 78 65
1 1079 656 98 65
1 1079 653 98 65
1 1079 656 98 65
1 1083 653 98 65
1 1079 646 98 80
0
0
0
0
0
0
0
0
0
0
0
0
0
0
0
0
0
0
0
1 1083 609 98 81
1 1083 609 98 81
1 1087 611 98 81
0
0
1 1079 607 98 80
1 1079 607 98 80
1 1079 612 98 65
0
0
0
0
0
0
0
1 1054 604 97 65
1 1064 602 78 65
1 1062 604 78 65
0
0
0
0
0
0
1 1073 572 97 81
0
1 1076 570 97 81
1 1079 570 98 81
0
0
0
0
0
0
1 1079 568 98 80
1 1076 565 97 81
1 1064 573 122 65
1 1064 565 122 81
1 1061 565 122 81
1 1076 565 97 81
1 1064 562 122 81
1 1067 562 122 81
1 1083 562 98 81
1 1079 560 98 81
1 1076 557 97 81
1 1076 555 97 81
0
1 1065 565 78 65
0
0
0
0
1 1062 563 78 65
0
0
1 1054 555 97 81
1 1055 555 97 81
1 1055 553 97 81
1 1064 563 78 65
0
0
1 1066 561 78 65
1 1073 551 97 81
1 1073 551 97 81
1 1079 549 98 81
1 1076 548 97 81
1 1076 548 97 81
1 1076 549 97 81
1 1076 549 97 81
1 1079 549 98 81
1 1083 549 98 81
1 1067 548 122 81
1 1079 551 98 81
1 1067 551 122 81
1 1079 551 98 81
1 1075 543 122 101
1 1075 541 122 101
1 1079 553 123 81
1 1084 553 122 81
1 1064 539 153 101
1 1093 541 122 101
1 1093 551 122 81
1 1093 541 122 101
1 1081 543 154 101
1 1097 539 122 101
1 1097 541 122 101
1 1108 541 122 101
1 1110 541 122 101
1 1108 539 122 101
1 1105 539 122 101
1 1108 541 122 101
1 1108 551 122 81
1 1105 543 122 101
1 1108 555 122 81
1 1110 547 122 101
1 1110 550 122 101
1 1112 550 122 101
1 1112 552 122 101
1 1110 550 122 101
1 1114 552 122 101
1 1114 555 122 101
1 1117 557 122 101
1 1118 560 122 101
1 1118 570 122 81
1 1118 572 122 81
1 1132 570 122 81
1 1134 572 123 81
1 1125 562 154 101
1 1133 577 154 81
1 1129 579 154 81
1 1129 580 154 81
1 1157 588 97 81
1 1153 578 122 101
1 1137 581 154 101
1 1137 582 154 101
1 1137 584 154 101
1 1142 586 154 101
1 1142 586 154 101
1 1137 589 154 101
1 1142 589 154 101
1 1137 591 154 101
1 1137 594 154 101
1 1137 596 154 101
1 1133 601 154 101
1 1129 604 154 100
1 1129 605 154 101
1 1125 607 154 101
1 1122 620 153 81
1 1119 622 153 80
1 1114 622 154 81
1 1128 629 122 80
1 1119 621 122 101
1 1118 621 122 101
1 1101 624 154 101
1 1115 626 122 101
1 1115 628 122 101
1 1092 633 154 101
1 1085 638 154 101
1 1081 641 154 100
1 1073 645 154 101
1 1073 647 154 101
1 1068 647 154 101
1 1064 649 153 101
1 1064 651 153 101
1 1068 662 154 81
1 1059 661 154 101
1 1064 661 153 101
1 1051 664 154 101
1 1055 664 154 101
1 1048 665 154 101
1 1048 665 154 101
1 1045 667 154 101
1 1042 670 154 100
1 1040 670 154 100
1 1037 672 154 101
1 1038 674 154 101
1 1038 677 154 101
1 1045 680 122 100
1 1044 680 122 100
1 1044 680 122 100
1 1043 687 122 100
1 1026 684 154 101
1 1024 687 154 100
1 1024 690 154 101
1 1022 690 154 101
1 1024 692 154 100
1 1022 692 154 100
1 1022 693 154 101
1 1022 692 154 100
1 1022 694 154 101
1 1018 694 154 101
1 997 705 195 80
1 991 705 195 81
1 987 695 195 100
1 983 696 195 101
1 978 695 195 101
1 969 702 195 101
1 974 695 195 101
1 965 701 195 101
1 961 703 194 101
1 961 703 194 101
1 961 703 194 101
1 974 704 154 101
1 948 703 195 101
1 946 703 195 101
1 946 703 195 101
1 946 703 195 101
1 948 703 195 101
1 948 703 195 101
1 944 703 195 101
1 943 705 194 80
1 954 703 154 81
1 941 704 195 81
1 941 704 195 81
1 941 694 195 101
1 954 693 154 101
1 954 693 154 101
1 953 694 154 101
1 953 694 154 101
1 954 695 154 100
1 954 695 154 100
1 954 695 154 101
1 956 700 154 101
1 956 700 154 101
1 956 700 154 101
1 956 700 154 101
1 956 700 154 101
1 956 700 154 101
1 956 700 154 101
1 941 695 195 101
1 955 695 154 100
1 955 695 154 100
1 954 695 154 101
1 931 695 195 100
1 931 694 195 101
1 931 692 195 100
1 931 693 195 101
1 930 690 195 101
1 930 690 195 101
1 926 690 195 101
1 923 690 195 101
1 921 689 194 100
1 913 689 195 100
1 909 689 195 100
1 909 689 195 100
1 900 689 195 100
1 900 687 195 100
1 891 689 195 100
1 887 687 195 100
1 880 687 194 100
1 877 684 194 101
1 877 684 194 101
1 881 687 154 100
1 881 687 154 100
1 880 684 154 101
1 880 687 154 100
1 880 684 154 101
1 879 684 154 101
1 858 682 194 101
1 858 682 194 101
1 856 680 195 100
1 856 680 195 100
1 854 680 195 100
1 847 680 194 100
1 850 680 194 100
1 847 680 194 100
1 843 677 195 101
1 839 680 195 100
1 839 680 195 100
1 839 680 195 100
1 835 680 195 100
1 831 682 195 101
1 831 680 195 100
1 831 682 195 101
1 826 682 195 101
1 826 682 195 101
1 826 680 195 100
1 822 680 194 100
1 817 680 195 100
1 822 680 194 100
1 817 677 195 101
0
1 809 677 195 101
1 809 674 195 101
0
0
1 798 672 195 101
0
1 787 665 194 101
0
0
0
1 769 665 195 101
0
0
0
0
0
0
1 748 665 195 101
0
0
0
1 748 664 195 101
1 743 662 195 101
0
0
0
1 735 662 195 101
1 735 662 195 101
1 735 662 195 101
1 735 664 195 101
1 735 664 195 101
0
0
0
0
0
0
0
0
1 735 674 195 101
0
0
1 735 674 195 101
0
0
0
0
0
0
1 729 674 195 101
0
1 721 672 195 101
0
1 712 667 195 101
1 708 667 195 101
1 704 667 195 101
0
0
0
0
1 692 665 194 101
0
0
0
1 683 665 195 101
1 679 665 194 101
1 683 665 195 101
1 683 665 195 101
1 683 665 195 101
1 688 664 194 101
1 688 662 194 101
1 688 662 194 101
1 688 661 194 101
1 688 659 194 101
1 688 659 194 101
1 688 659 194 101
0
1 683 660 195 101
0
0
0
0
0
0
0
0
0
0
0
0
0
0
0
0
0
0
0
0
0
1 669 641 195 100
0
0
0
0
0
0
0
0
0
0
0
1 644 621 195 101
1 643 621 195 101
1 643 621 195 101
1 644 620 195 100
1 644 618 195 101
1 638 617 195 101
1 637 613 195 101
1 636 612 195 101
1 637 611 195 101
1 636 609 195 100
1 636 607 195 101
1 636 605 195 101
1 636 601 195 101
1 636 599 195 101
0
0
0
0
0
0
0
0
0
0
1 644 584 195 101
0
0
0
0
0
0
1 647 579 195 101
1 647 579 195 101
0
0
0
1 650 572 195 100
1 649 570 194 101
1 646 568 195 101
1 647 567 195 101
1 647 566 195 100
1 645 564 195 101
1 644 562 195 101
1 644 562 195 101
1 645 562 195 101
1 640 557 195 101
1 639 555 195 101
1 639 555 195 101
1 639 552 195 101
1 638 552 195 101
1 639 550 195 101
1 659 547 154 101
0
0
0
0
0
0
0
0
0
0
0
1 633 534 195 101
1 653 530 154 101
1 653 530 154 101
1 631 530 194 101
1 628 530 195 101
0
0
0
0
0
0
0
0
0
0
0
0
0
0
0
0
0
0
0
0
0
0
0
0
0
0
0
0
0
0
0
1 655 538 154 101
1 653 538 154 101
0
1 659 538 153 101
1 656 537 154 100
0
1 659 536 153 100
1 659 536 154 100
1 659 536 154 100
1 659 536 154 100
1 659 536 153 100
1 659 537 154 100
1 675 538 122 101
1 675 538 122 101
1 676 538 122 101
1 676 538 122 101
1 660 538 154 101
1 660 538 154 101
1 676 539 122 101
1 676 538 122 101
1 666 539 154 101
1 666 539 153 101
1 668 538 154 101
1 673 537 154 100
1 673 537 154 100
1 671 529 154 101
1 669 539 154 80
1 671 537 154 80
1 673 527 154 101
1 673 525 154 101
1 675 525 154 101
1 675 524 154 101
1 675 524 154 101
1 673 524 154 101
1 673 522 154 101
1 673 522 154 101
1 671 522 154 101
1 673 520 154 101
1 673 520 154 101
1 673 518 154 101
1 673 516 154 101
1 678 516 154 101
1 686 518 154 101
1 682 516 154 101
1 690 516 154 101
1 694 511 154 101
1 690 511 154 101
1 694 511 154 101
1 699 508 154 101
1 704 508 153 101
1 704 508 153 101
1 716 506 154 101
1 712 506 154 101
1 719 503 154 101
1 722 503 154 101
1 725 503 154 101
1 725 503 154 101
1 722 501 154 101
1 719 499 154 101
1 716 499 154 101
1 712 498 154 101
1 708 498 154 101
1 712 496 154 101
1 708 495 154 101
1 708 495 154 101
1 699 487 154 101
1 690 487 154 101
1 686 486 154 101
1 682 484 154 101
1 678 484 154 101
1 673 491 154 81
1 671 481 154 101
1 685 491 97 81
1 669 479 122 101
1 669 479 122 101
1 667 479 122 101
1 664 477 123 101
1 638 479 154 101
1 634 477 154 101
1 634 477 154 101
1 625 477 154 101
1 625 477 154 101
1 625 477 154 101
1 616 474 154 101
1 616 477 154 101
1 625 477 154 101
1 625 474 154 101
1 625 469 154 101
1 625 472 154 101
1 630 469 154 101
1 638 469 154 101
1 638 467 154 101
1 642 464 154 101
1 649 462 153 101
1 664 462 123 101
0
1 667 464 122 101
1 671 460 122 101
1 669 460 122 101
1 669 464 122 101
1 669 462 122 101
1 669 464 122 101
1 671 460 122 101
1 672 458 122 101
1 671 460 122 101
1 682 462 122 101
1 681 462 122 101
1 672 458 122 101
1 671 458 122 101
1 669 458 122 101
1 669 458 122 101
1 667 462 122 101
1 664 467 123 101
1 667 467 122 101
1 667 467 122 101
1 667 469 122 101
1 667 469 122 101
1 661 472 123 101
1 664 474 123 101
1 661 477 123 101
1 661 477 123 101
1 658 477 122 101
1 677 489 97 81
1 664 481 123 101
1 664 491 123 81
1 669 495 122 81
1 669 493 154 80
1 689 493 122 80
1 704 506 97 81
0
1 698 496 122 101
0
1 706 498 122 101
1 694 499 154 101
1 719 501 123 101
1 708 503 154 101
1 719 503 154 101
1 719 506 154 101
1 735 508 122 101
1 735 511 122 101
1 738 523 122 81
1 741 523 122 81
1 738 526 122 81
1 738 528 122 81
1 751 528 97 81
1 756 528 122 81
1 751 528 97 81
1 738 530 122 81
1 738 530 122 81
1 741 532 122 81
1 757 532 122 81
1 756 530 122 81
1 757 530 122 81
1 757 530 122 81
1 757 530 122 81
1 743 532 122 81
1 757 532 122 81
1 761 534 122 81
1 763 532 122 81
1 761 530 122 81
1 773 538 97 65
1 781 528 97 81
1 781 538 97 65
1 768 530 122 81
1 788 538 97 65
1 792 532 97 81
1 784 532 122 81
1 797 532 97 81
1 789 534 122 81
1 793 532 122 81
1 798 532 122 81
1 798 530 122 81
1 802 528 122 81
1 806 528 122 81
1 809 528 122 81
1 812 528 122 81
1 812 528 122 81
1 845 528 97 81
1 842 526 122 81
1 858 526 97 81
1 862 528 97 81
1 849 526 122 81
1 849 516 122 101
1 858 523 122 81
1 847 526 154 81
1 863 526 122 81
1 858 528 122 81
1 863 528 122 81
1 863 528 122 81
1 863 528 122 81
1 863 526 122 81
1 875 526 97 81
1 863 526 122 81
1 863 523 122 81
1 847 511 154 101
1 847 521 154 81
1 863 508 122 101
1 858 508 122 101
1 866 516 97 81
1 849 516 122 81
1 858 516 97 81
1 858 516 97 81
0
1 858 516 97 81
1 858 516 97 81
1 868 526 77 65
1 871 526 78 65
1 858 526 97 65
1 858 518 97 81
1 862 518 97 81
1 862 521 97 81
1 858 521 97 81
1 862 523 97 81
1 866 523 97 81
1 866 534 97 65
1 875 526 97 81
1 867 528 122 81
1 867 528 122 81
1 872 532 122 81
1 876 530 122 81
1 876 530 122 81
1 876 532 122 81
1 876 530 122 81
1 895 542 98 65
1 932 543 78 65
1 928 545 98 65
0
0
1 935 559 78 65
0
1 932 557 78 65
1 938 559 78 65
1 935 559 78 65
0
0
1 938 559 78 65
1 938 561 78 65
0
1 935 561 78 65
0
0
0
0
1 932 561 78 65
1 935 561 78 65
1 938 561 78 65
1 935 563 78 65
0
1 938 563 78 65
1 938 563 78 65
0
0
1 938 568 78 65
1 928 557 98 81
1 945 574 63 53
1 940 568 97 65
1 944 570 97 65
1 945 573 78 65
1 940 575 97 65
1 932 565 122 81
1 944 573 97 65
1 949 575 97 65
1 953 573 98 65
1 941 573 122 65
1 945 565 122 81
1 950 573 122 65
1 945 565 122 81
1 962 573 97 65
1 962 573 97 65
1 950 568 122 80
1 962 568 97 80
1 962 573 97 65
1 966 575 97 65
1 969 578 98 65
1 969 575 98 65
1 972 575 98 65
1 966 578 97 65
1 962 580 97 65
1 958 580 97 65
1 953 580 98 65
1 944 578 97 65
1 944 578 97 65
1 940 578 97 65
1 949 580 78 65
1 954 580 78 65
1 949 582 78 65
0
0
1 954 588 78 53
1 949 583 78 66
1 953 590 63 52
1 949 583 78 66
1 949 582 78 65
1 936 583 97 66
0
0
0
0
0
1 953 618 63 53
1 957 618 63 53
1 954 617 78 65
0
0
1 958 617 78 65
1 963 617 78 65
1 958 614 78 65
1 958 619 78 65
1 963 619 78 65
1 958 614 78 65
1 953 614 98 80
1 958 623 78 65
1 953 623 98 65
1 962 617 97 81
1 962 617 97 81
0
0
1 972 646 78 65
1 972 646 78 65
1 972 646 78 65
1 972 646 78 65
0
0
1 963 648 78 65
1 967 648 78 65
1 972 648 78 65
1 958 651 78 65
1 958 651 78 65
1 954 651 78 65
1 954 651 78 65
1 954 651 78 65
1 954 656 78 65
0
1 949 658 78 66
0
0
0
0
0
1 961 667 63 53
0
1 957 667 63 53
0
1 954 665 78 65
1 954 661 78 65
1 954 663 78 65
1 958 665 78 65
1 958 663 78 65
0
0
0
0
0
0
0
0
0
0
0
0
0
0
0
0
0
0
0
0
0
0
0
0
0
0
0
0
0
0
0
0
0
0
0
0
0
0
0
0
0
0
0
0
0
0
0
0
0
0
0
0
0
0
0
0
0
0
0
0
0
0
0
0
0
0
0
0
0
0
0
0
0
0
0
0
0
0
0
0
0
0
0
0
0
0
0
0
0
0
0
0
0
0
0
0
0
0
0
0
0
0
0
0
0
0
0
0
0
0
0
0
0
0
0
0
0
0
0
0
0
0
0
0
0
0
0
0
0
0
0
0
0
0
0
0
0
0
0
0
0
0
0
0
0
0
0
0
0
0
0
0
0
0
0
0
0
0
0
0
0
0
0
0
0
0
0
0
0
0
0
0
0
0
0
0
0
0
0
0
0
0
0
0
0
0
0
0
0
0
0
0
0
0
0
0
0
0
0
0
0
0
0
0
0
0
0
0
0
0
0
0
0
0
0
0
0
0
0
0
0
0
0
0
0
0
0
0
0
0
0
0
0
0
0
0
0
0
0
0
0
0
0
0
0
0
0
0
0
0
0
1 1108 848 122 101
0
1 1112 848 122 101
1 1110 851 122 100
1 1110 851 122 100
1 1112 853 122 101
0
0
0
0
0
0
0
0
0
0
0
0
0
0
0
0
0
0
0
0
0
0
0
0
0
0
0
0
0
0
0
0
0
0
0
0
0
0
0
0
0
0
0
0
0
0
0
0
0
0
0
0
0
0
0
0
0
0
0
0
0
0
0
0
0
0
0
0
0
0
0
0
0
0
0
0
0
1 1412 1003 195 77
0
0
1 1430 1004 195 76
1 1437 1004 195 76
1 1458 1004 154 76
1 1440 1005 195 75
0
1 1465 1008 195 72
1 1467 1016 195 64
1 1482 1008 195 72
1 1482 1006 195 74
1 1486 1006 195 74
1 1486 1008 195 72
1 1486 1018 195 62
1 1520 1020 154 60
1 1504 1010 195 70
0
1 1556 1022 194 58
0
0
0
0
0
0
0
0
0
0
0
0
0
0
0
0
0
0
0
0
0
0
0
0
0
0
0
0
0
0
0
0
0
0
0
0
0
0
0
0
0
0
0
0
0
0
0
0
0
0
0
0
0
0
0
0
0
0
0
0
0
0
0
0
0
0
0
0
0
0
0
0
0
0
0
0
0
0
0
0
0
0
0
0
0
0
0
0
0
0
0
0
0
0
0
0
0
0
0
0
0
0
0
0
0
0
0
0
0
0
0
0
0
0
0
0
0
0
0
0
0
0
0
0
0
0
0
0
0
0
0
0
0
0
0
0
0
0
0
0
0
0
0
0
0
0
0
0
0
0
0
0
0
0
0
0
0
0
0
0
0
0
0
0
0
0
0
0
0
0
0
0
0
0
0
0
0
0
0
0
0
0
0
0
0
0
0
0
0
0
0
0
0
0
0
0
0
0
0
0
0
0
0
0
0
0
0
0
0
0
0
0
0
0
0
0
0
0
0
0
0
0
0
0
0
0
0
0
0
0
0
0
0
0
0
0
0
0
0
0
0
0
0
0
0
0
0
0
0
0
0
0
0
0
0
0
0
0
0
0
0
0
0
0
0
0
0
0
0
0
0
0
0
0
0
0
0
0
0
0
0
0
0
0
1 1053 542 78 65
0
1 1053 542 78 65
0
0
0
0
0
0
0
0
0
0
0
1 1027 562 97 81
1 1027 565 97 81
1 1001 568 122 80
1 1023 568 97 80
1 1006 570 122 81
0
1 1001 574 122 81
0
0
0
0
0
0
0
0
0
0
0
0
0
1 969 609 98 81
0
1 969 611 98 81
0
1 966 611 97 81
1 962 611 97 81
0
0
0
0
0
1 953 615 98 81
0
1 927 617 122 81
1 936 617 97 81
0
0
0
0
0
1 923 615 97 81
0
0
0
0
0
0
0
0
0
0
0
0
0
0
0
0
0
0
0
0
0
0
0
0
0
0
0
1 849 609 122 100
1 842 610 122 101
0
0
0
0
0
0
0
0
0
0
0
0
0
0
0
0
0
0
0
0
0
0
0
0
1 765 633 122 101
1 763 633 122 101
0
0
1 747 641 122 100
1 745 643 122 101
0
0
0
0
0
0
0
1 710 660 122 101
0
0
0
0
0
0
0
0
0
0
0
0
0
0
0
0
0
0
0
0
0
0
1 539 702 122 101
0
0
0
0
0
0
0
0
0
0
0
0
0
0
0
0
0
0
0
0
0
0
0
0
0
0
0
0
0
0
0
0
0
0
0
0
0
0
0
0
0
0
0
0
0
0
0
0
0
0
0
0
0
0
0
0
0
0
0
0
0
0
0
0
0
0
0
0
0
0
0
0
0
0
0
0
0
0
0
0
0
0
0
0
0
0
0
0
0
0
0
0
0
0
0
0
0
0
0
0
0
0
0
0
0
0
0
0
