1 1561 600 61 82
1 1562 602 56 77
1 1563 600 57 80
1 1563 601 59 78
1 1564 599 58 80
1 1565 600 58 80
1 1567 599 56 79
1 1566 600 57 80
1 1567 601 55 77
1 1568 601 61 82
1 1570 601 61 80
1 1570 599 61 85
1 1572 601 61 82
1 1573 602 60 82
1 1577 601 56 80
1 1577 602 57 80
1 1578 601 57 81
1 1580 602 57 80
1 1582 603 58 80
1 1583 602 57 80
1 1586 605 56 77
1 1586 604 57 80
1 1587 606 59 79
1 1591 605 57 79
1 1591 604 61 83
1 1592 606 62 78
1 1595 603 60 83
1 1599 609 60 77
1 1600 608 60 80
1 1603 608 58 81
1 1605 610 58 79
1 1607 612 59 76
1 1610 612 58 78
1 1611 613 57 79
1 1613 614 60 77
1 1614 615 59 80
1 1615 615 60 80
1 1619 617 59 80
1 1618 618 60 79
1 1619 619 59 80
1 1620 619 60 79
1 1620 619 60 80
1 1620 620 60 80
1 1621 623 60 78
1 1622 622 58 81
1 1621 623 59 81
1 1620 626 59 78
1 1620 626 58 80
1 1620 628 60 81
1 1620 630 60 79
1 1620 630 59 80
1 1620 631 60 80
1 1621 634 60 79
1 1620 634 60 81
1 1618 637 62 80
1 1617 640 60 79
1 1614 639 60 80
1 1612 641 61 80
1 1611 643 61 81
1 1610 644 60 81
1 1608 646 60 81
1 1604 651 63 81
1 1603 653 64 80
1 1602 652 63 83
1 1599 654 61 82
1 1596 654 62 84
1 1593 655 63 83
1 1589 656 61 84
1 1586 658 62 83
1 1583 662 60 81
1 1580 661 61 83
1 1577 662 61 85
1 1573 663 63 85
1 1568 663 63 85
1 1566 669 63 81
1 1562 669 63 83
1 1559 670 62 83
1 1554 671 63 84
1 1549 673 63 83
1 1546 674 63 85
1 1542 677 63 82
1 1536 677 64 85
1 1533 676 64 86
1 1526 679 64 84
1 1522 679 66 86
1 1518 682 64 84
1 1514 681 64 86
1 1509 684 65 85
1 1505 684 65 86
1 1500 684 65 88
1 1495 685 65 87
1 1488 685 66 86
1 1482 686 67 86
1 1476 689 67 86
1 1471 686 67 86
1 1464 688 69 88
1 1460 691 69 85
1 1455 690 70 86
1 1449 687 69 89
1 1444 690 71 90
1 1440 690 72 89
1 1436 691 74 91
1 1433 693 74 90
1 1430 691 74 94
1 1426 691 75 94
1 1423 693 73 96
1 1419 694 74 92
1 1417 692 74 92
1 1412 692 74 95
1 1409 694 76 96
1 1407 696 74 94
1 1405 697 75 94
1 1403 694 76 96
1 1401 696 77 93
1 1398 695 76 99
1 1395 697 78 96
1 1393 696 77 97
1 1390 695 79 98
1 1389 697 79 95
1 1388 696 79 97
1 1387 695 80 98
1 1386 697 77 98
1 1383 696 77 99
1 1380 695 78 98
1 1380 697 78 98
1 1377 696 80 100
1 1374 695 81 100
1 1370 697 81 94
1 1370 697 80 100
1 1368 698 81 98
1 1367 698 82 100
1 1366 699 82 100
1 1365 699 82 100
1 1365 698 82 102
1 1363 698 81 102
1 1363 700 82 100
1 1361 700 83 100
1 1357 700 81 103
1 1355 700 82 102
1 1353 701 82 102
1 1350 702 83 101
1 1349 702 83 101
1 1347 700 86 106
1 1346 701 83 106
1 1345 707 85 100
1 1344 705 84 100
1 1342 704 85 100
1 1340 705 85 102
1 1339 708 83 102
1 1337 708 84 101
1 1335 709 84 101
1 1334 710 84 100
1 1332 710 85 103
1 1331 714 86 101
1 1331 713 85 102
1 1330 714 87 103
1 1328 713 85 105
1 1328 716 86 103
1 1325 716 89 103
1 1324 718 87 104
1 1321 718 88 104
1 1320 718 88 105
1 1318 719 88 105
1 1317 719 89 107
1 1317 721 88 107
1 1314 723 90 105
1 1311 723 90 106
1 1308 724 92 106
1 1304 725 92 108
1 1300 725 93 108
1 1295 726 92 110
1 1292 727 94 108
1 1289 728 92 108
1 1283 730 94 109
1 1280 732 96 109
1 1276 731 96 110
1 1273 731 95 112
1 1267 733 97 111
1 1265 735 97 112
1 1260 736 97 110
1 1255 736 98 111
1 1249 737 101 111
1 1244 738 99 113
1 1240 739 100 113
1 1236 740 100 113
1 1231 741 103 116
1 1229 743 100 116
1 1225 744 102 116
1 1219 746 102 114
1 1216 746 103 116
1 1210 749 105 114
1 1208 749 105 116
1 1206 750 103 116
1 1203 750 104 117
1 1199 753 104 115
1 1196 755 106 116
1 1192 755 107 118
1 1190 756 107 120
1 1186 758 107 119
1 1181 761 108 117
1 1177 760 109 120
1 1175 762 108 120
1 1172 764 108 118
1 1170 765 108 121
1 1167 767 109 121
1 1164 769 109 121
1 1158 770 111 122
1 1154 773 112 120
1 1148 772 112 122
1 1142 774 114 122
1 1136 773 112 123
1 1130 774 114 123
1 1125 775 115 124
1 1121 776 115 123
1 1116 777 115 124
1 1112 778 116 125
1 1106 780 118 124
1 1103 780 117 125
1 1098 781 119 125
1 1093 781 121 128
1 1090 784 119 127
1 1085 786 121 128
1 1082 788 121 128
1 1080 789 122 131
1 1078 790 124 131
1 1075 793 123 131
1 1071 794 124 131
1 1068 796 125 131
1 1062 795 127 135
1 1056 796 129 133
1 1053 797 126 133
1 1049 799 129 134
1 1047 799 130 136
1 1045 800 130 138
1 1042 806 133 135
1 1040 804 135 141
1 1041 808 131 141
1 1038 814 137 135
1 1035 811 137 138
1 1032 814 136 140
1 1026 813 136 142
1 1021 818 138 137
1 1017 818 138 137
1 1016 818 138 142
1 1012 818 142 142
1 1011 818 140 147
1 1008 820 140 147
1 1003 820 142 147
1 1000 820 142 150
1 995 826 142 150
1 991 832 142 150
1 987 832 142 150
1 982 832 146 150
1 976 833 148 150
1 972 833 148 150
1 968 835 148 150
1 963 835 148 150
1 958 837 148 150
1 955 838 148 150
1 947 846 153 148
1 945 847 153 148
1 937 846 156 155
1 931 848 156 155
1 923 849 156 155
1 915 853 161 155
1 908 855 161 155
1 902 856 161 155
1 896 855 163 160
1 893 862 163 156
1 886 863 163 156
1 878 863 167 161
1 870 865 167 161
1 862 867 167 161
1 857 871 167 161
1 850 872 172 161
1 845 873 172 161
1 842 873 172 170
1 837 878 172 170
1 829 883 175 165
1 822 885 173 164
1 815 886 173 164
1 806 887 177 168
1 800 890 177 168
1 794 891 177 168
1 788 892 177 168
1 777 897 180 168
1 770 899 180 168
1 764 900 180 174
1 754 900 185 174
1 749 905 184 171
1 740 908 184 171
1 730 908 189 171
1 722 908 189 171
1 712 912 190 167
1 703 916 192 163
1 693 916 194 163
1 682 919 195 160
1 672 921 198 158
1 663 923 200 156
1 653 925 201 154
1 644 925 201 154
1 633 930 204 150
1 623 933 207 146
1 613 935 209 144
1 604 938 209 141
1 594 939 209 140
1 580 943 214 136
1 572 945 215 134
1 563 950 215 129
1 551 946 220 133
1 542 951 220 128
1 528 956 224 123
1 516 956 224 123
1 508 961 224 118
1 498 961 224 118
1 490 969 224 110
1 475 969 232 110
1 465 969 232 110
1 453 969 234 110
1 439 970 242 110
1 430 970 240 110
1 419 975 244 104
1 410 979 245 100
1 400 979 245 100
1 395 980 245 99
1 381 986 251 93
1 372 990 251 89
1 363 990 251 89
1 353 990 251 89
1 338 992 260 87
1 326 992 260 87
1 315 992 260 87
1 305 992 260 87
1 295 1002 260 77
1 286 1002 260 77
1 278 1002 260 77
1 269 1010 260 69
1 260 1017 260 62
1 251 1017 260 62
1 252 1013 247 66
1 237 1013 247 66
1 221 1013 247 66
1 207 1013 247 66
1 196 1026 247 53
1 188 1030 247 49
1 263 1030 162 49
1 251 1037 162 42
0
0
0
0
0
0
0
0
0
0
0
0
0
0
0
0
0
0
0
0
0
0
0
0
0
0
0
0
0
0
0
0
0
0
0
0
0
0
0
0
0
0
0
0
0
0
0
0
0
0
0
0
0
0
0
0
0
0
0
0
0
0
0
0
0
0
0
0
0
0
0
0
0
0
0
0
0
0
0
0
0
0
0
0
0
0
0
0
0
0
0
0
0
0
0
0
0
0
1 1268 469 53 84
1 1271 467 53 84
1 1274 469 53 84
1 1278 470 53 84
1 1280 469 56 86
1 1284 469 53 86
1 1287 469 53 86
1 1289 468 54 86
1 1289 468 56 86
1 1293 466 56 90
1 1296 465 56 90
1 1299 465 56 90
1 1302 468 56 90
1 1305 468 56 90
1 1310 470 55 87
1 1312 470 55 87
1 1315 470 55 87
1 1319 468 55 94
1 1321 468 57 94
1 1324 471 57 90
1 1328 471 57 90
1 1330 471 57 90
1 1333 475 57 90
1 1337 476 57 90
1 1339 477 59 92
1 1344 479 59 92
1 1347 481 59 92
1 1353 485 59 92
1 1356 486 59 92
1 1360 490 59 92
1 1365 493 59 92
1 1370 496 59 92
1 1377 499 59 94
1 1381 502 59 94
1 1384 502 59 96
1 1388 506 59 96
1 1391 509 59 96
1 1393 510 59 96
1 1396 510 59 96
1 1397 514 59 96
1 1397 514 59 96
1 1397 518 59 96
1 1396 518 60 96
1 1396 518 60 96
1 1396 516 61 100
1 1396 516 61 100
1 1399 520 61 100
1 1399 520 61 100
1 1400 521 61 100
1 1400 521 61 100
1 1402 524 61 100
1 1403 526 61 100
1 1404 527 61 100
1 1405 529 61 100
1 1403 531 65 100
1 1404 537 65 100
1 1404 536 65 100
1 1404 536 65 103
1 1404 538 65 103
1 1404 539 65 103
1 1404 542 65 103
1 1403 542 68 103
1 1403 545 68 103
1 1403 547 68 103
1 1403 549 69 104
1 1403 551 69 104
1 1401 551 71 104
1 1401 551 71 104
1 1400 553 71 104
1 1400 555 70 107
1 1400 559 70 107
1 1399 560 70 107
1 1396 564 70 107
1 1394 569 75 107
1 1393 570 73 107
1 1390 574 75 110
1 1389 579 75 110
1 1387 581 75 110
1 1387 585 75 110
1 1387 589 75 110
1 1386 591 76 114
1 1385 594 76 114
1 1386 599 76 114
1 1386 600 78 114
1 1385 602 80 115
1 1387 604 80 115
1 1389 609 80 115
1 1393 610 80 115
1 1395 614 80 115
1 1397 616 80 115
1 1399 619 84 117
1 1401 622 84 117
1 1405 624 84 117
1 1409 629 85 120
1 1413 633 86 121
1 1419 640 86 121
1 1422 642 88 121
1 1426 645 89 125
1 1430 650 90 128
1 1433 655 92 128
1 1433 655 92 128
1 1440 661 92 128
1 1440 661 92 128
1 1444 666 95 128
1 1447 672 62 80
1 1447 670 97 130
1 1452 673 99 131
1 1454 675 99 131
1 1457 678 99 131
1 1458 678 100 134
1 1459 680 100 134
1 1460 683 100 134
1 1460 683 101 139
1 1460 686 105 139
1 1461 691 105 138
1 1464 696 105 138
1 1462 702 107 140
1 1463 705 107 140
1 1465 710 107 140
1 1466 714 111 142
1 1468 718 111 145
1 1473 723 111 145
1 1476 725 111 145
1 1479 729 114 148
1 1484 730 114 148
1 1489 733 114 149
1 1492 736 116 149
1 1496 738 117 149
1 1500 738 120 154
1 1506 740 120 154
1 1512 741 120 154
1 1517 745 124 154
1 1523 749 126 154
1 1531 750 126 159
1 1536 754 130 159
1 1546 759 130 159
1 1553 761 133 162
1 1560 766 133 162
1 1567 770 137 165
1 1574 774 139 165
1 1582 779 139 165
1 1589 781 139 170
1 1595 784 143 170
1 1602 788 144 170
1 1607 791 146 170
1 1614 793 147 175
1 1620 796 150 175
1 1625 796 150 175
1 1630 800 155 175
1 1636 800 155 179
1 1641 803 158 179
1 1645 804 158 179
1 1651 806 161 179
1 1658 809 161 184
1 1665 815 155 182
1 1673 818 147 178
1 1680 823 140 179
1 1688 828 132 174
1 1694 831 125 171
1 1700 839 120 171
1 1707 844 113 167
1 1714 846 105 164
1 1722 851 98 159
1 1729 855 90 156
1 1739 857 81 159
1 1747 860 73 155
1 1756 862 64 154
1 1764 864 56 151
1 1773 868 47 148
1 1782 868 38 148
1 1792 868 28 148
1 1803 873 17 131
0
0
0
0
0
0
0
0
0
0
0
0
0
0
0
0
0
0
0
0
0
0
0
0
0
0
0
0
0
0
0
0
0
0
0
0
0
0
0
0
0
0
0
0
0
0
0
0
0
0
0
0
0
0
0
1 1074 654 69 61
1 1074 654 70 61
1 1074 654 70 61
1 1074 654 70 61
1 1074 649 70 61
1 1073 646 70 64
1 1073 646 70 64
1 1073 645 71 63
1 1074 643 71 63
1 1075 644 70 62
1 1075 641 70 62
1 1075 641 70 60
1 1075 639 70 60
1 1077 639 70 59
1 1077 635 70 61
1 1077 633 70 64
1 1078 631 70 65
1 1079 630 70 61
1 1079 628 71 64
1 1079 625 71 66
1 1079 625 71 64
1 1079 621 71 65
1 1080 621 71 63
1 1080 621 71 63
1 1080 621 71 63
1 1081 618 71 60
1 1081 617 70 61
1 1080 614 70 62
1 1080 611 70 65
1 1079 610 71 64
1 1078 610 71 61
1 1078 608 70 61
1 1078 607 70 63
1 1077 607 71 62
1 1073 607 72 61
1 1072 604 72 61
1 1071 599 72 66
1 1069 600 73 62
1 1069 597 71 65
1 1067 596 72 65
1 1067 595 73 66
1 1067 594 73 65
1 1067 594 73 62
1 1067 593 73 64
1 1066 591 73 65
1 1066 588 75 68
1 1066 588 76 63
1 1067 588 75 64
1 1067 588 75 63
1 1068 585 75 64
1 1068 582 76 64
1 1068 579 77 67
1 1069 578 77 66
1 1070 576 77 67
1 1070 575 77 67
1 1071 575 77 64
1 1070 573 80 66
1 1071 573 79 66
1 1071 573 80 65
1 1071 573 80 66
1 1071 573 80 66
1 1071 573 80 66
1 1071 573 80 66
1 1071 573 80 66
1 1070 570 83 68
1 1070 570 83 66
1 1070 567 82 69
1 1069 566 83 70
1 1069 564 83 71
1 1069 562 83 73
1 1068 560 84 71
1 1067 560 85 72
1 1066 559 86 71
1 1063 557 86 73
1 1063 553 86 76
1 1061 555 87 72
1 1060 553 86 72
1 1058 553 88 70
1 1056 551 90 72
1 1056 551 87 72
1 1054 550 89 73
1 1053 550 90 73
1 1053 550 90 73
1 1053 550 90 73
1 1053 550 90 73
1 1053 550 90 73
1 1053 550 90 73
1 1053 550 91 73
1 1053 550 92 73
1 1054 547 91 75
1 1056 549 90 72
1 1056 546 93 75
1 1056 546 93 75
1 1059 546 93 73
1 1059 546 93 73
1 1060 546 94 73
1 1060 546 95 73
1 1062 546 96 74
1 1063 546 96 73
1 1063 546 96 76
1 1066 546 96 76
1 1066 546 98 78
1 1066 549 100 75
1 1069 549 100 75
1 1070 550 101 74
1 1073 550 100 74
1 1076 550 99 74
1 1077 551 101 74
1 1079 551 100 76
1 1081 551 101 76
1 1083 551 103 76
1 1085 551 103 76
1 1087 551 102 76
1 1087 550 104 76
1 1089 550 104 76
1 1091 550 104 76
1 1093 550 104 76
1 1093 549 107 78
1 1095 549 106 78
1 1095 550 106 76
1 1096 553 107 74
1 1097 555 109 74
1 1099 555 110 76
1 1102 558 108 73
1 1103 559 109 77
1 1106 559 109 77
1 1109 560 109 77
1 1111 563 111 77
1 1116 563 109 77
1 1117 565 113 79
1 1120 565 113 79
1 1123 565 113 79
1 1126 565 113 79
1 1130 565 112 79
1 1131 571 113 76
1 1133 571 115 79
1 1136 571 114 79
1 1137 576 117 79
1 1141 576 115 80
1 1143 578 116 81
1 1143 583 117 81
1 1146 584 116 82
1 1146 587 119 82
1 1147 588 119 84
1 1149 589 119 83
1 1150 590 120 86
1 1151 593 120 86
1 1151 598 122 82
1 1152 598 121 84
1 1152 598 121 84
1 1151 601 123 84
1 1150 601 123 87
1 1148 604 124 87
1 1145 606 124 88
1 1144 608 123 86
1 1139 610 125 85
1 1136 616 126 84
1 1130 620 128 83
1 1127 620 127 84
1 1122 622 128 84
1 1117 622 129 88
1 1113 628 130 86
1 1108 632 129 84
1 1104 632 131 87
1 1100 636 132 86
1 1097 640 131 85
1 1094 642 132 85
1 1090 647 132 84
1 1086 647 132 86
1 1082 647 135 87
1 1080 651 134 86
1 1077 654 136 85
1 1073 657 136 86
1 1071 659 136 86
1 1069 662 136 85
1 1066 663 138 86
1 1063 665 139 86
1 1061 667 138 86
1 1060 669 139 86
1 1059 671 138 86
1 1055 670 140 88
1 1054 670 140 88
1 1051 675 142 86
1 1050 675 142 88
1 1048 678 143 88
1 1046 681 144 88
1 1045 684 142 87
1 1043 686 144 86
1 1041 686 146 89
1 1041 689 144 88
1 1037 689 146 90
1 1037 692 146 88
1 1034 695 147 86
1 1032 695 146 89
1 1032 695 146 89
1 1028 696 148 90
1 1026 696 148 91
1 1022 700 152 88
1 1019 700 152 88
1 1017 700 150 88
1 1012 700 152 90
1 1009 700 152 90
1 1003 702 154 88
1 1000 702 153 88
1 995 702 154 88
1 990 702 155 90
1 987 702 156 90
1 983 704 156 88
1 980 704 157 90
1 978 704 157 90
1 978 704 157 90
1 973 704 157 90
1 973 704 157 90
1 971 705 157 90
1 971 705 157 90
1 971 705 157 90
1 966 705 162 90
1 965 703 162 90
1 965 703 162 90
1 965 703 162 90
1 963 703 165 88
1 961 703 165 88
1 961 703 165 88
1 961 703 165 88
1 961 698 165 91
1 960 698 166 91
1 960 698 166 91
1 958 699 169 91
1 958 699 169 91
1 958 699 169 91
1 958 699 171 91
1 957 700 173 95
1 957 700 173 95
1 957 700 173 95
1 957 700 173 95
1 957 700 173 95
1 957 700 173 95
1 956 700 176 94
1 956 700 176 94
1 956 700 176 94
1 956 700 176 93
1 954 701 177 93
1 949 698 181 91
1 947 695 181 94
1 944 692 181 97
1 942 692 181 97
1 939 691 181 97
1 934 690 184 96
1 930 688 184 96
1 927 690 184 96
1 923 691 184 93
1 917 688 185 95
1 912 690 185 95
1 907 690 185 92
1 904 690 185 92
1 901 690 185 92
1 893 688 191 94
1 890 685 190 97
1 886 687 190 95
1 884 687 190 95
1 880 687 190 95
1 877 687 190 95
1 875 687 190 95
1 872 687 190 95
1 869 687 190 95
1 869 687 190 95
1 862 687 196 92
1 861 685 195 92
1 859 685 195 92
1 858 685 195 92
1 855 682 195 95
1 850 678 197 99
1 850 678 197 99
1 850 678 197 99
1 844 675 200 100
1 842 677 200 100
1 839 679 201 99
1 834 680 204 100
1 833 680 204 100
1 831 682 204 100
1 829 682 204 100
1 827 683 204 100
1 825 681 204 100
1 823 682 204 100
1 823 682 204 100
1 823 682 204 100
1 822 680 204 100
1 817 680 210 100
1 815 680 210 100
1 812 676 210 100
1 812 675 210 100
1 808 677 210 99
1 806 674 210 101
1 802 671 210 101
1 799 673 210 101
1 795 675 211 98
1 789 672 212 98
1 783 670 211 99
1 777 670 211 99
1 773 670 211 99
1 769 669 211 99
1 762 671 211 99
1 759 670 211 99
1 755 669 211 99
1 752 671 211 99
1 750 671 211 99
1 747 669 211 99
1 744 670 213 97
1 742 670 213 97
1 740 668 213 97
1 740 668 213 97
1 740 668 213 97
1 739 668 213 97
1 738 665 213 97
1 738 665 213 97
1 738 665 213 97
1 734 664 216 97
1 733 663 216 98
1 733 663 216 98
1 733 663 216 98
1 733 663 216 98
1 733 663 216 98
1 733 663 216 98
1 731 667 216 98
1 729 669 216 98
1 728 670 220 100
1 729 672 220 100
1 727 676 226 100
1 727 676 226 100
1 727 676 226 100
1 727 676 226 100
1 727 676 226 100
1 727 676 226 100
1 727 676 226 100
1 726 678 226 100
1 726 678 226 100
1 725 678 226 100
1 723 680 225 95
1 720 680 225 95
1 717 677 225 98
1 713 677 225 98
1 711 676 225 98
1 707 675 225 98
1 704 675 225 98
1 699 676 225 98
1 696 676 225 98
1 691 673 225 98
1 690 674 225 94
1 687 674 225 94
1 684 674 225 94
1 682 674 225 94
1 681 674 225 94
1 679 673 225 94
1 676 670 225 97
1 675 669 225 97
1 675 669 225 97
1 674 668 225 97
1 672 667 229 99
1 672 667 229 99
1 672 667 229 99
1 672 667 229 99
1 671 664 229 99
1 671 663 229 99
1 669 663 229 99
1 669 662 229 99
1 669 661 229 99
1 668 659 229 101
1 670 659 228 101
1 669 659 225 103
1 669 659 225 103
1 668 659 225 103
1 666 659 227 103
1 664 659 227 105
1 664 659 227 105
1 663 659 227 105
1 662 659 227 105
1 662 659 227 105
1 661 661 230 103
1 661 661 230 103
1 661 659 230 103
1 661 658 230 103
1 660 656 230 105
1 660 656 230 105
1 661 653 230 105
1 661 653 230 105
1 662 649 226 105
1 662 646 226 105
1 658 646 229 106
1 656 644 229 106
1 656 642 227 106
1 656 639 225 106
1 653 638 224 106
1 651 636 222 106
1 646 636 222 106
1 643 634 222 106
1 640 634 221 103
1 637 631 221 103
1 633 629 223 105
1 631 627 223 105
1 627 624 223 105
1 626 623 223 105
1 623 624 223 103
1 626 622 221 103
1 626 622 221 103
1 626 620 219 103
1 626 618 219 103
1 626 618 219 103
1 628 615 215 104
1 628 612 215 104
1 626 612 215 104
1 626 608 215 104
1 626 608 215 104
1 626 604 215 104
1 625 603 215 104
1 625 601 215 104
1 624 599 215 104
1 624 597 215 104
1 623 596 216 104
1 625 593 216 104
1 625 590 216 104
1 625 590 216 104
1 625 587 216 104
1 625 586 216 104
1 629 585 214 104
1 631 584 214 105
1 631 584 214 105
1 631 584 214 105
1 636 584 209 105
1 636 584 209 105
1 636 584 209 105
1 636 584 209 105
1 640 582 209 105
1 642 582 209 105
1 644 581 208 104
1 644 579 208 104
1 642 577 208 104
1 644 575 208 104
1 645 572 205 102
1 645 570 205 106
1 644 568 205 106
1 644 566 205 106
1 642 564 205 106
1 641 561 203 106
1 639 559 203 106
1 638 559 203 106
1 636 557 203 106
1 636 558 200 103
1 636 556 198 104
1 636 554 198 104
1 634 554 198 104
1 634 553 198 104
1 632 551 198 104
1 632 549 198 104
1 632 546 198 104
1 632 545 198 104
1 632 545 198 104
1 632 542 198 104
1 638 542 192 103
1 638 542 192 103
1 638 540 192 105
1 638 539 190 103
1 638 537 190 103
1 636 535 190 103
1 634 535 190 103
1 632 533 190 103
1 632 532 190 103
1 630 532 190 104
1 630 530 189 105
1 628 531 189 104
1 626 531 189 104
1 626 531 189 104
1 623 532 187 104
1 622 534 187 104
1 621 533 187 104
1 621 534 185 106
1 621 536 183 106
1 621 536 183 106
1 619 539 183 102
1 619 539 183 102
1 619 539 183 102
1 619 537 183 104
1 619 537 183 104
1 617 537 183 104
1 619 535 179 104
1 619 535 179 104
1 619 535 179 104
1 619 535 179 104
1 621 536 175 102
1 621 536 175 102
1 621 536 175 102
1 621 536 175 102
1 621 536 175 102
1 623 539 175 102
1 623 539 175 102
1 627 539 172 102
1 630 539 169 102
1 632 540 169 100
1 633 539 170 100
1 633 539 170 100
1 636 540 170 100
1 636 540 170 100
1 636 540 170 100
1 641 540 167 100
1 641 540 167 100
1 644 539 167 100
1 644 539 167 100
1 644 537 167 100
1 647 537 164 98
1 647 537 164 98
1 649 535 164 98
1 649 535 164 98
1 649 535 164 98
1 649 535 164 98
1 649 535 164 98
1 654 540 161 98
1 654 540 161 98
1 654 540 161 98
1 658 541 157 95
1 658 541 157 95
1 658 541 157 95
1 662 541 157 97
1 663 540 158 97
1 663 540 158 97
1 667 538 154 99
1 667 537 157 99
1 668 535 157 99
1 668 533 157 96
1 669 532 154 96
1 669 530 154 96
1 669 528 154 96
1 669 528 154 96
1 672 526 151 98
1 672 526 151 98
1 672 526 151 98
1 672 526 151 95
1 672 525 151 96
1 672 523 151 96
1 672 523 148 94
1 672 523 148 94
1 676 521 148 94
1 678 519 148 95
1 681 520 148 93
1 683 520 148 93
1 685 519 148 93
1 689 520 146 93
1 693 519 146 93
1 696 517 146 93
1 698 517 145 93
1 701 515 145 93
1 703 514 145 93
1 705 511 145 93
1 707 509 145 93
1 709 509 145 93
1 711 508 145 93
1 713 509 145 93
1 713 508 145 93
1 713 508 145 93
1 713 506 145 93
1 713 503 145 93
1 713 503 145 93
1 713 502 145 93
1 713 500 143 93
1 713 499 143 95
1 710 496 143 95
1 707 495 141 93
1 705 493 141 93
1 700 492 141 93
1 698 489 140 96
1 694 488 140 96
1 690 486 140 96
1 685 484 140 96
1 681 484 140 96
1 677 484 138 95
1 672 484 138 95
1 667 482 136 94
1 661 482 136 94
1 656 482 136 94
1 653 482 133 93
1 648 481 133 93
1 645 481 133 93
1 642 481 133 93
1 638 481 133 93
1 637 480 133 93
1 634 478 133 93
1 634 478 133 93
1 635 478 132 93
1 635 477 132 93
1 638 477 129 92
1 639 474 131 95
1 641 474 131 95
1 644 473 131 95
1 647 471 131 95
1 648 468 131 95
1 650 468 131 96
1 653 466 131 97
1 654 466 132 97
1 657 463 132 97
1 659 465 131 94
1 662 464 130 94
1 664 464 130 94
1 664 464 130 94
1 666 464 130 94
1 668 464 130 94
1 668 464 130 94
1 672 464 130 94
1 672 464 130 94
1 672 464 130 94
1 675 462 129 95
1 675 463 129 94
1 675 463 129 94
1 674 463 129 94
1 674 464 129 94
1 674 464 126 96
1 673 466 126 94
1 672 468 125 92
1 672 468 125 92
1 671 470 122 92
1 669 473 122 91
1 669 473 122 91
1 668 476 122 91
1 668 476 122 91
1 669 479 122 91
1 671 482 121 91
1 672 483 121 92
1 675 485 121 90
1 678 488 121 90
1 682 488 118 92
1 684 491 120 92
1 688 491 120 92
1 694 495 118 90
1 700 497 118 90
1 704 500 118 90
1 709 502 118 90
1 714 501 118 92
1 719 503 118 92
1 724 505 118 92
1 728 505 118 92
1 733 508 117 90
1 737 511 117 90
1 741 511 117 90
1 746 516 117 90
1 749 518 117 89
1 752 519 117 89
1 756 521 115 89
1 758 523 115 89
1 761 524 115 89
1 762 524 115 89
1 763 527 115 89
1 763 527 115 89
1 763 527 115 89
1 763 527 115 89
1 763 527 115 89
1 763 527 115 89
1 763 527 115 89
1 763 527 115 89
1 763 527 115 89
1 763 527 115 89
1 769 528 108 88
1 769 528 108 88
1 769 528 108 88
1 772 527 108 88
1 774 529 108 88
1 776 529 108 88
1 779 532 108 85
1 782 532 108 85
1 786 532 108 85
1 790 532 108 85
1 794 532 107 85
1 799 532 107 85
1 801 532 107 85
1 808 531 105 83
1 813 531 105 83
1 818 531 105 83
1 823 531 105 83
1 828 531 105 83
1 833 529 105 83
1 837 528 105 83
1 843 528 104 84
1 848 527 104 84
1 852 526 104 84
1 856 525 104 84
1 860 525 104 84
1 863 523 104 84
1 866 525 104 84
1 870 526 104 84
1 872 524 104 84
1 875 525 104 84
1 878 526 101 83
1 879 526 101 83
1 880 526 101 83
1 880 526 101 83
1 880 526 101 83
1 880 523 101 82
1 880 523 101 82
1 879 522 101 82
1 876 519 101 82
1 876 519 101 82
1 875 518 100 80
1 872 518 100 80
1 870 517 100 80
1 867 518 100 79
1 865 517 100 79
1 863 517 99 79
1 861 516 99 79
1 859 516 99 79
1 859 516 96 79
1 859 516 96 79
1 858 516 96 83
1 858 516 96 83
1 859 519 96 80
1 862 523 96 77
1 863 523 96 77
1 867 523 95 77
1 871 524 93 77
1 874 525 93 77
1 877 525 94 77
1 881 526 94 77
1 884 528 95 77
1 890 529 95 77
1 893 531 95 77
1 897 531 95 77
1 901 532 95 77
1 905 533 95 80
1 910 533 95 80
1 913 535 95 80
1 916 536 95 80
1 920 538 95 80
1 923 541 94 76
1 926 542 94 76
1 927 543 94 76
1 929 544 94 76
1 929 544 94 78
1 931 546 94 78
1 933 547 94 78
1 934 549 93 78
1 934 549 93 78
1 933 549 92 78
1 933 550 93 76
1 931 550 93 76
1 930 550 93 76
1 930 550 93 76
1 929 550 93 76
1 926 550 93 76
1 926 550 93 76
1 926 552 90 76
1 926 552 90 76
1 926 552 89 76
1 926 553 88 76
1 926 553 88 76
1 929 555 88 76
1 929 555 88 76
1 932 557 88 76
1 934 559 88 76
1 935 559 88 76
1 939 560 88 76
1 941 560 88 76
1 944 560 88 76
1 950 564 86 73
1 952 564 86 74
1 955 563 86 76
1 959 564 86 76
1 961 564 86 76
1 965 564 86 76
1 968 564 86 76
1 970 564 86 76
1 973 565 86 76
1 975 565 86 76
1 978 568 86 72
1 980 566 86 74
1 981 566 86 74
1 981 566 86 74
1 982 569 86 74
1 982 571 86 72
1 983 571 84 72
1 985 573 82 72
1 985 573 82 72
1 983 574 82 72
1 981 576 84 70
1 980 576 83 73
1 977 575 83 73
1 974 576 83 73
1 972 575 83 73
1 969 576 83 73
1 966 577 83 73
1 963 576 83 73
1 961 577 83 73
1 959 576 81 73
1 957 578 79 70
1 954 579 79 70
1 952 579 79 70
1 950 580 79 70
1 949 582 79 70
1 948 584 79 70
1 947 585 79 70
1 947 586 79 70
1 948 588 78 70
1 948 589 78 70
1 950 594 76 68
1 951 596 76 68
1 952 598 76 68
1 953 599 76 68
1 955 601 76 70
1 957 604 76 70
1 958 605 76 70
1 961 607 76 70
1 964 610 76 70
1 965 610 76 70
1 968 613 75 68
1 969 614 75 68
1 972 616 75 68
1 974 618 76 68
0
1 979 620 75 67
1 980 624 74 65
1 983 625 72 68
1 984 627 71 66
1 985 629 71 66
1 984 631 74 65
1 985 633 73 66
1 985 634 74 65
1 985 637 74 65
1 984 639 74 65
1 983 639 74 65
1 982 640 74 65
1 980 641 74 65
1 980 641 74 65
1 977 641 74 65
1 977 642 70 65
1 975 644 71 65
1 973 643 69 65
1 971 641 70 67
1 969 643 70 67
1 968 643 70 67
1 966 645 70 67
1 965 646 70 67
1 964 648 70 67
1 963 650 70 67
1 964 653 67 64
1 964 652 68 65
1 964 654 68 65
1 965 657 68 65
1 965 658 68 65
1 966 660 68 65
1 968 660 68 65
1 968 662 68 65
1 969 664 68 65
1 971 664 68 65
1 973 666 68 63
1 974 666 68 63
1 1140 670 40 70
1 1140 670 40 70
1 1138 669 40 70
1 1136 667 40 71
1 1135 667 41 71
1 1134 665 42 73
1 1133 664 42 74
1 1133 664 43 74
1 1134 669 41 68
1 1132 666 42 70
1 1131 665 44 72
1 1132 669 41 68
1 1131 669 42 68
1 1131 669 42 68
1 1130 668 42 68
1 1130 666 42 70
1 1128 665 42 71
1 1128 663 42 72
1 1127 668 42 67
1 1127 667 42 68
1 1126 662 44 75
1 1127 662 44 75
1 1128 663 44 75
1 1128 662 44 75
1 1128 662 44 75
1 1128 664 44 75
1 1128 661 44 75
1 1129 663 44 75
1 1130 664 43 72
1 1130 663 43 77
1 1130 663 44 77
1 1131 663 45 76
1 1131 663 45 76
1 1131 663 46 76
1 1131 663 49 76
1 1134 664 49 76
1 1137 670 45 71
1 1137 666 45 76
1 1140 666 43 76
1 1140 666 45 76
1 1140 667 45 78
1 1143 668 45 78
1 1144 668 45 78
1 1147 670 45 78
1 1148 671 45 78
1 1149 670 47 78
1 1149 671 48 78
1 1151 672 48 78
1 1154 677 45 74
1 1155 677 47 74
1 1157 678 46 74
1 1159 676 46 80
1 1159 685 46 70
1 1162 685 46 70
1 1162 685 46 70
1 1164 689 46 70
1 1166 689 46 70
1 1169 692 46 70
1 1171 692 45 72
1 1171 692 49 72
1 1172 692 49 72
1 1174 694 49 72
1 1174 694 49 72
1 1176 697 49 72
1 1178 698 49 72
1 1179 699 49 72
1 1180 701 49 72
1 1182 701 49 72
1 1185 703 46 72
1 1186 704 47 72
1 1186 705 48 72
1 1189 705 48 72
1 1190 707 48 72
1 1190 707 48 75
1 1192 708 48 75
1 1191 709 48 75
1 1193 711 48 75
1 1194 711 48 75
1 1195 714 48 75
1 1195 714 48 75
1 1194 714 50 77
1 1194 716 50 77
1 1194 716 50 77
1 1195 723 50 72
1 1198 725 49 71
1 1198 724 49 71
1 1198 724 51 74
1 1199 726 51 74
1 1200 727 50 75
1 1200 727 50 75
1 1201 729 50 75
1 1201 729 50 75
1 1200 732 51 75
1 1200 732 51 75
1 1200 732 51 78
1 1198 733 51 78
1 1198 734 51 78
1 1196 734 53 78
1 1197 739 51 76
1 1196 739 51 76
1 1194 739 52 80
1 1193 739 52 80
1 1192 739 52 80
1 1189 741 52 80
1 1187 742 52 80
1 1185 743 52 80
1 1184 744 52 80
1 1182 744 52 80
1 1179 746 54 78
1 1176 748 54 78
1 1174 748 54 78
1 1170 750 54 78
1 1167 750 54 78
1 1165 750 54 78
1 1163 752 54 78
1 1160 752 54 78
1 1158 752 54 78
1 1156 754 54 78
1 1153 754 56 81
1 1151 754 56 81
1 1147 755 56 81
1 1144 755 56 81
1 1142 757 56 81
1 1138 758 56 81
1 1135 758 56 81
1 1132 758 56 81
1 1130 761 56 81
1 1127 761 56 81
1 1124 762 57 81
1 1122 763 57 81
1 1119 764 57 81
1 1116 766 57 81
1 1113 765 57 81
1 1109 766 57 81
1 1107 768 57 81
1 1105 769 57 81
1 1102 770 57 81
1 1100 772 57 81
1 1097 772 58 82
1 1095 773 58 82
1 1091 770 60 86
1 1088 771 60 86
1 1086 772 60 86
1 1083 774 60 86
1 1080 774 60 86
1 1077 775 60 86
1 1073 777 60 86
1 1071 777 60 86
1 1067 777 60 86
1 1064 780 60 86
1 1062 780 60 86
1 1059 781 61 86
1 1059 781 61 86
1 1055 783 63 86
1 1053 783 63 86
1 1052 782 63 86
1 1050 784 61 86
1 1048 784 61 86
1 1046 788 63 84
1 1044 788 63 84
1 1042 788 63 84
1 1041 788 63 86
1 1039 788 63 86
1 1037 788 63 86
1 1036 788 64 86
1 1034 789 64 86
1 1031 789 65 88
1 1030 790 65 88
1 1029 790 65 88
1 1028 790 65 88
1 1026 790 65 88
1 1026 790 65 89
1 1024 790 65 90
1 1024 790 65 90
1 1023 790 65 90
1 1023 790 65 90
1 1022 790 65 93
1 1022 790 65 93
1 1021 796 67 88
1 1021 796 67 88
1 1021 796 67 88
1 1021 796 67 91
1 1021 796 67 91
1 1021 797 67 91
1 1023 797 67 91
1 1024 800 67 91
1 1024 800 67 91
1 1024 800 70 91
1 1026 800 69 91
1 1026 800 71 94
1 1026 800 71 94
1 1028 800 71 94
1 1029 801 72 94
1 1032 801 72 94
1 1032 801 72 94
1 1033 802 74 94
1 1034 803 74 94
1 1036 803 74 94
1 1037 805 72 92
1 1039 804 72 92
1 1040 807 74 92
1 1039 806 76 94
1 1041 806 76 94
1 1043 805 76 96
1 1045 805 76 96
1 1047 806 76 96
1 1049 807 76 96
1 1049 808 76 96
1 1050 810 76 96
1 1052 809 76 98
1 1052 809 78 99
1 1054 812 78 99
1 1055 812 78 99
1 1057 812 77 99
1 1057 812 77 99
1 1057 816 79 99
1 1059 816 80 99
1 1059 816 80 99
1 1062 819 79 97
1 1064 819 79 97
1 1064 819 82 100
1 1065 820 82 100
1 1067 818 82 100
1 1069 820 82 100
1 1070 820 82 100
1 1072 820 83 100
1 1072 820 84 103
1 1075 820 84 103
1 1078 824 83 102
1 1080 824 84 104
1 1082 824 84 104
1 1084 825 85 105
1 1085 826 86 105
1 1088 828 86 103
1 1090 828 86 107
1 1092 828 86 107
1 1093 828 89 109
1 1096 828 88 109
1 1097 830 88 110
1 1099 832 89 110
1 1101 831 89 110
1 1103 831 90 114
1 1103 831 90 114
1 1103 835 90 113
1 1105 835 92 113
1 1105 835 92 113
1 1110 836 92 115
1 1113 836 92 115
1 1116 837 93 113
1 1120 838 93 116
1 1123 838 93 116
1 1123 838 96 116
1 1125 840 97 119
1 1126 840 97 119
1 1128 840 97 119
1 1132 843 97 119
1 1133 844 100 119
1 1136 844 100 122
1 1136 846 100 120
1 1137 850 100 120
1 1137 850 100 120
1 1142 853 100 120
1 1143 856 103 120
1 1146 856 103 120
1 1146 856 106 123
1 1147 856 106 123
1 1147 856 106 123
1 1149 858 106 125
1 1153 860 105 124
1 1153 860 109 127
1 1157 860 109 127
1 1160 863 109 127
1 1164 864 109 127
1 1168 866 109 127
1 1171 868 111 128
1 1173 868 111 128
1 1178 871 111 128
1 1182 873 113 128
1 1186 873 113 132
1 1190 876 114 132
1 1193 876 117 132
1 1197 878 117 132
1 1202 878 117 132
1 1207 880 117 132
1 1211 883 117 134
1 1214 883 122 134
1 1216 883 122 136
1 1221 885 122 136
1 1226 887 123 136
1 1230 890 123 136
1 1236 889 123 139
1 1239 892 126 139
1 1243 893 126 139
1 1247 893 130 139
1 1252 896 130 139
1 1256 897 130 139
1 1262 900 130 139
1 1266 905 132 139
1 1271 903 132 144
1 1273 903 133 144
1 1279 906 133 144
1 1282 908 133 144
1 1284 909 136 146
1 1287 913 136 146
1 1291 915 136 146
1 1295 916 136 146
1 1298 916 136 150
1 1300 920 140 150
1 1304 922 140 149
1 1306 923 143 149
1 1310 925 143 149
1 1313 926 143 149
1 1316 928 143 149
1 1320 929 144 149
1 1325 928 144 149
1 1328 933 147 143
1 1330 934 149 143
1 1335 936 149 139
1 1337 938 150 139
1 1343 938 150 139
1 1345 943 153 133
1 1349 943 153 133
1 1354 943 153 133
1 1358 949 156 127
1 1363 950 156 127
1 1366 950 158 127
1 1370 952 160 125
1 1376 956 160 120
1 1379 958 164 119
1 1385 958 163 119
1 1389 963 166 114
1 1394 963 166 114
1 1399 963 167 114
1 1403 963 169 114
1 1408 966 170 111
1 1413 966 171 111
1 1419 970 173 106
1 1423 970 176 106
1 1431 972 176 104
1 1437 972 177 104
1 1443 976 180 100
1 1448 976 181 100
1 1455 978 181 98
1 1461 978 183 98
1 1469 983 184 93
1 1476 985 186 91
1 1483 985 187 91
1 1489 989 190 87
1 1497 991 190 84
1 1504 991 192 84
1 1513 991 192 84
1 1519 991 195 84
1 1526 999 197 76
1 1533 1003 198 73
1 1539 1006 202 70
1 1549 1010 198 66
1 1557 1012 198 63
1 1563 1013 192 62
1 1569 1016 193 60
1 1579 1016 178 60
1 1588 1022 169 55
1 1597 1023 160 54
1 1606 1025 150 52
1 1616 1029 140 47
1 1627 1032 130 45
1 1636 1035 121 42
1 1643 1037 113 39
1 1654 1043 103 35
0
0
0
0
0
0
0
0
0
0
0
0
0
0
0
0
0
0
0
0
0
0
0
0
0
0
0
0
0
0
0
0
0
0
0
0
0
0
0
0
0
0
0
0
0
0
0
0
0
0
0
0
0
0
0
0
0
0
0
0
0
0
0
0
0
0
0
0
0
0
0
0
0
0
0
0
0
0
0
0
0
0
0
0
0
0
0
0
0
0
0
0
0
0
0
0
0
0
0
0
0
0
0
0
0
0
0
0
0
0
0
0
0
0
0
0
1 1141 578 38 52
1 1144 577 36 54
1 1146 577 36 51
1 1148 575 36 51
1 1150 573 36 51
1 1152 571 37 51
1 1154 571 37 51
1 1156 569 37 52
1 1158 570 36 51
1 1160 567 36 50
1 1162 566 36 51
1 1164 562 35 52
1 1165 562 36 51
1 1167 558 37 54
1 1169 557 38 53
1 1169 557 38 53
1 1171 554 38 53
1 1171 551 38 53
1 1172 551 38 53
1 1172 548 38 53
1 1174 546 38 53
1 1173 544 38 53
1 1174 544 38 53
1 1174 542 38 53
1 1175 540 37 52
1 1175 540 37 52
1 1175 538 37 52
1 1175 533 37 57
1 1175 531 37 56
1 1175 531 37 55
1 1173 529 38 54
1 1173 528 38 53
1 1173 528 36 53
1 1172 526 36 53
1 1171 521 38 57
1 1171 521 38 57
1 1169 519 38 57
1 1168 516 38 57
1 1167 516 38 57
1 1166 516 38 57
1 1164 513 38 57
1 1164 511 38 57
1 1162 510 38 57
1 1160 510 38 57
1 1157 510 39 56
1 1155 508 39 56
1 1153 507 39 56
1 1152 506 39 56
1 1151 505 39 56
1 1148 506 39 56
1 1147 504 38 57
1 1146 504 39 57
1 1144 504 39 57
1 1142 503 39 57
1 1142 503 40 58
1 1140 501 40 58
1 1139 503 40 58
1 1137 502 40 56
1 1135 502 40 56
1 1135 502 40 56
1 1133 502 40 56
1 1131 503 40 56
1 1129 503 40 56
1 1126 503 40 56
1 1125 502 41 57
1 1124 503 41 57
1 1122 503 41 57
1 1122 503 41 57
1 1122 503 41 57
1 1121 505 41 57
1 1121 506 41 57
1 1118 507 41 57
1 1118 506 41 57
1 1118 506 41 57
1 1117 504 41 61
1 1117 503 41 62
1 1117 503 41 62
1 1117 505 41 62
1 1117 505 41 62
1 1115 507 41 62
1 1115 507 41 62
1 1114 508 41 63
1 1112 508 43 63
1 1112 508 43 63
1 1112 511 43 61
1 1112 514 40 58
1 1111 514 42 58
1 1111 514 43 61
1 1109 514 44 61
1 1109 514 44 61
1 1109 514 44 61
1 1109 514 44 64
1 1109 514 44 64
1 1108 515 44 64
1 1105 517 46 63
1 1105 517 46 63
1 1105 517 46 63
1 1103 517 46 63
1 1103 517 46 63
1 1103 517 46 63
1 1103 518 46 63
1 1103 518 46 63
1 1103 518 46 63
1 1103 518 46 63
1 1103 518 46 63
1 1103 518 46 63
1 1103 518 47 67
1 1103 518 49 67
1 1103 518 50 67
1 1103 518 50 67
1 1103 518 50 67
1 1104 518 50 67
1 1106 518 50 67
1 1106 518 50 67
1 1106 518 50 67
1 1106 518 50 67
1 1106 518 50 67
1 1106 518 50 67
1 1106 518 50 67
1 1103 518 50 67
1 1103 518 50 67
1 1103 518 50 67
1 1102 518 51 67
1 1102 518 51 68
1 1102 518 51 68
1 1102 518 52 68
1 1102 518 52 68
1 1102 518 52 68
1 1101 517 52 69
1 1101 517 52 69
1 1098 517 54 69
1 1097 517 54 69
1 1094 516 54 69
1 1094 516 54 69
1 1092 516 54 69
1 1091 517 55 71
1 1087 516 55 71
1 1087 514 55 76
1 1084 514 55 76
1 1083 515 55 76
1 1081 516 55 76
1 1079 517 55 76
1 1078 518 55 76
1 1075 520 55 76
1 1073 521 55 76
1 1069 521 58 77
1 1067 522 58 77
1 1065 523 59 78
1 1062 525 59 78
1 1060 527 59 78
0
1 1056 531 61 77
1 1055 531 61 77
1 1052 535 63 76
1 1050 537 63 76
1 1050 537 63 78
1 1047 539 63 78
1 1045 542 63 78
1 1043 542 63 78
1 1042 542 63 78
1 1038 545 63 78
1 1037 545 64 82
1 1034 546 64 82
1 1033 550 64 82
1 1030 552 64 82
1 1028 552 66 85
1 1026 554 66 85
1 1023 555 66 85
1 1021 557 66 85
1 1019 560 66 85
1 1017 563 66 85
1 1015 564 66 85
1 1013 567 66 85
1 1012 570 66 85
1 1008 571 66 85
1 1004 576 69 85
1 1003 577 69 85
1 999 577 70 86
1 998 580 70 86
1 995 581 70 86
1 992 585 70 86
1 989 586 70 86
1 988 586 71 88
1 985 588 71 88
1 983 592 71 87
1 982 594 71 87
1 981 598 71 87
1 979 598 71 87
1 976 600 71 87
1 973 600 71 87
1 969 604 74 86
1 967 604 74 88
1 964 604 74 88
1 960 605 76 90
1 956 607 76 89
1 953 607 76 89
1 950 607 77 91
1 946 606 77 93
1 944 606 77 97
1 940 608 77 97
1 938 608 77 97
1 934 608 79 97
1 928 610 80 97
1 926 610 80 97
1 922 610 80 97
1 920 612 80 97
1 917 612 80 97
1 914 613 82 97
1 911 613 82 97
1 908 614 82 97
1 906 614 82 97
1 902 614 83 97
1 900 614 83 97
1 895 614 86 97
1 892 614 88 97
1 890 612 88 100
1 887 612 88 100
1 884 613 88 100
1 882 612 88 100
1 880 612 88 100
1 878 613 88 100
1 873 613 90 100
1 870 614 91 100
1 869 614 91 100
1 867 617 91 100
1 865 616 91 100
1 865 616 91 100
1 864 616 91 100
1 859 617 94 100
1 858 617 96 100
1 856 617 96 100
1 854 617 96 100
1 851 617 96 100
1 850 617 97 100
1 846 617 97 100
1 844 616 97 100
1 842 614 97 100
1 839 613 97 100
1 833 613 101 100
1 831 613 101 103
1 827 613 102 105
1 822 613 105 105
1 818 614 105 105
1 816 614 105 105
1 813 613 105 108
1 810 613 105 108
1 806 614 106 110
1 803 615 106 110
1 799 619 106 110
1 795 619 110 110
1 792 619 110 109
1 789 618 109 110
1 786 621 112 109
1 782 618 113 114
1 780 618 115 114
1 776 618 114 116
1 773 618 114 116
1 770 619 117 119
1 768 619 117 119
1 766 619 117 119
1 762 623 120 118
1 759 623 122 121
1 754 626 122 121
1 752 626 122 121
1 748 627 123 121
1 743 630 123 121
1 742 632 123 121
1 736 633 127 121
1 731 634 127 121
1 729 634 127 124
1 724 635 127 124
1 720 636 132 128
1 713 641 132 128
1 711 642 132 128
1 708 641 132 128
1 703 642 133 130
1 698 642 133 130
1 691 644 137 132
1 686 644 137 132
1 680 646 138 132
1 676 645 138 135
1 667 646 141 135
1 661 647 141 135
1 655 647 141 135
1 650 650 141 135
1 643 653 143 135
1 636 658 146 134
1 626 659 146 134
1 618 660 150 135
1 610 659 150 137
1 599 661 154 142
1 591 663 154 142
1 581 666 154 142
1 572 667 154 142
1 560 672 157 141
1 548 669 160 146
1 536 673 163 146
1 526 674 163 146
1 513 677 166 146
1 501 679 166 146
1 492 683 166 146
1 480 683 171 150
1 471 682 171 153
1 461 689 174 153
1 452 690 175 153
1 443 691 175 153
1 430 695 179 153
1 418 696 182 154
1 406 700 185 154
1 393 700 190 159
1 382 706 190 159
1 370 708 193 159
1 361 710 193 160
1 349 712 197 163
1 339 713 197 166
1 324 715 201 167
1 313 717 203 167
1 301 720 205 169
1 289 724 209 169
1 276 728 211 169
1 266 730 213 171
1 253 730 216 177
1 239 732 220 177
1 226 733 220 177
1 213 739 224 177
1 204 742 224 177
1 199 745 217 180
1 199 749 205 176
1 199 750 195 175
1 199 753 182 172
1 199 756 170 169
1 199 758 160 167
1 200 762 147 163
1 200 766 136 160
1 200 769 125 156
1 200 773 112 152
1 200 776 100 149
1 200 782 86 143
1 200 786 74 140
1 200 787 62 138
1 200 792 48 133
1 200 796 36 129
1 200 802 23 123
0
0
0
0
0
0
0
0
0
0
0
0
0
0
0
0
0
0
0
0
0
0
0
0
0
0
0
0
0
0
0
0
0
0
0
0
0
0
0
0
0
0
0
0
0
0
0
0
0
0
0
0
0
0
0
0
0
0
0
0
0
0
0
