1 1807 635 48 66
1 1809 636 43 63
1 1809 636 44 64
1 1808 637 47 66
1 1810 638 45 63
1 1809 638 46 63
1 1809 639 44 62
1 1810 639 44 64
1 1810 639 46 64
1 1810 640 47 67
1 1810 642 46 65
1 1811 641 45 67
1 1811 643 45 67
1 1812 645 43 65
1 1812 645 44 65
1 1813 648 43 62
1 1813 647 44 65
1 1812 649 45 65
1 1814 649 42 65
1 1813 650 43 63
1 1813 650 44 65
1 1813 653 43 62
1 1814 653 43 62
1 1815 654 43 62
1 1815 655 43 62
1 1815 655 43 63
1 1816 655 42 64
1 1814 655 44 64
1 1814 657 44 63
1 1814 657 44 64
1 1814 657 45 65
1 1813 659 45 63
1 1814 662 44 60
1 1814 661 45 62
1 1813 662 45 62
1 1811 662 50 63
1 1811 665 48 62
1 1811 665 48 62
1 1811 666 47 62
1 1810 665 47 66
1 1810 666 47 62
1 1808 663 48 66
1 1810 666 48 65
1 1808 666 48 65
1 1808 666 48 66
1 1807 666 47 65
1 1806 666 50 66
1 1806 667 50 65
1 1807 668 46 65
1 1807 668 45 63
1 1806 670 45 63
1 1805 669 45 65
1 1803 671 48 64
1 1804 669 45 66
1 1802 671 47 63
1 1802 672 47 63
1 1799 673 48 63
1 1799 673 46 63
1 1798 673 47 63
1 1798 674 46 63
1 1797 674 47 62
1 1796 674 46 64
1 1794 674 50 63
1 1794 674 47 64
1 1793 674 48 66
1 1792 676 48 63
1 1792 675 47 65
1 1791 676 47 65
1 1791 676 47 65
1 1788 675 47 65
1 1786 675 47 65
1 1786 675 47 65
1 1786 675 47 65
1 1785 677 47 65
1 1784 677 47 65
1 1783 678 47 65
1 1783 678 47 65
1 1781 678 47 65
1 1781 678 47 65
1 1780 678 47 65
1 1777 678 47 65
1 1777 678 47 65
1 1777 678 47 65
1 1775 679 47 65
1 1774 679 47 65
1 1773 679 47 68
1 1773 681 47 68
1 1771 682 47 68
1 1770 682 47 68
1 1767 682 48 67
1 1766 682 48 67
1 1764 683 51 67
1 1762 683 51 67
1 1762 683 51 67
1 1760 684 51 67
1 1758 685 51 67
1 1756 685 51 67
1 1755 686 51 67
1 1755 686 48 67
1 1751 686 55 72
1 1751 686 55 72
1 1748 686 55 72
1 1746 687 55 72
1 1743 687 55 72
1 1743 687 55 72
1 1741 687 55 72
1 1740 688 55 72
1 1738 688 55 72
1 1737 691 55 72
1 1736 691 55 72
1 1733 691 55 72
1 1732 692 55 72
1 1731 693 55 72
1 1730 695 55 73
1 1727 695 55 73
1 1726 695 55 73
1 1723 695 55 73
1 1722 696 55 73
1 1721 697 55 73
1 1720 698 55 72
1 1717 698 55 72
1 1716 698 55 72
1 1715 700 55 72
1 1712 701 55 72
1 1710 701 57 73
1 1707 701 57 73
1 1706 703 57 73
1 1703 703 58 73
1 1702 703 58 73
1 1701 706 56 73
1 1697 706 57 72
1 1696 706 57 75
1 1693 707 57 75
1 1692 708 57 75
1 1690 708 57 75
1 1687 708 57 75
1 1686 711 57 75
1 1683 711 57 75
1 1681 712 57 75
1 1680 713 55 74
1 1678 715 55 74
1 1675 715 55 74
1 1672 715 56 79
1 1670 716 56 74
1 1668 718 56 74
1 1665 718 56 74
1 1664 720 56 74
1 1660 720 56 74
1 1659 721 56 74
1 1655 723 55 75
1 1653 723 58 75
1 1650 724 58 75
1 1647 725 58 75
1 1645 725 58 75
1 1641 727 58 75
1 1639 728 58 75
1 1635 729 58 75
1 1634 729 58 75
1 1630 730 59 75
1 1628 730 59 76
1 1624 731 59 76
1 1620 733 60 76
1 1618 733 60 78
1 1614 734 60 78
1 1610 735 60 78
1 1607 735 60 78
1 1605 737 60 78
1 1601 738 60 78
1 1597 739 62 79
1 1593 741 63 77
1 1590 742 63 77
1 1586 744 63 77
1 1584 745 63 77
1 1578 745 63 77
1 1575 745 63 77
1 1571 746 64 79
1 1567 746 64 79
1 1564 747 64 79
1 1560 749 64 80
1 1575 748 45 65
1 1550 750 67 81
1 1546 750 67 81
1 1540 750 67 83
1 1537 752 67 83
1 1533 754 67 80
1 1528 754 67 80
1 1524 755 67 80
1 1519 756 67 80
1 1514 757 67 80
1 1507 759 69 80
1 1503 759 69 82
1 1497 760 69 82
1 1493 760 69 82
1 1488 762 69 82
1 1483 762 70 85
1 1478 764 70 85
1 1474 765 70 85
1 1470 766 70 85
1 1465 766 71 85
1 1458 768 73 85
1 1453 769 73 85
1 1448 770 73 85
1 1443 771 73 85
1 1439 771 73 87
1 1435 773 74 88
1 1430 774 74 88
1 1423 775 75 88
1 1419 776 75 88
1 1413 777 76 90
1 1407 778 78 88
1 1402 779 78 88
1 1397 781 78 88
1 1392 781 79 90
1 1386 783 79 90
1 1381 783 80 90
1 1374 785 81 90
1 1368 786 81 90
1 1363 787 81 90
1 1357 790 82 90
1 1350 790 83 92
1 1345 793 83 92
1 1340 793 83 92
1 1333 794 83 92
1 1328 796 83 92
1 1323 798 83 92
1 1316 799 85 94
1 1310 800 85 94
1 1303 800 86 96
1 1296 802 86 96
1 1289 805 87 95
1 1281 806 89 96
1 1273 808 90 98
1 1266 810 90 98
1 1260 812 90 98
1 1255 813 90 98
1 1248 816 90 98
1 1241 817 90 98
1 1235 818 91 100
1 1227 821 91 100
1 1219 823 94 100
1 1210 824 96 100
1 1204 827 96 100
1 1196 829 96 100
1 1189 830 97 101
1 1181 833 97 101
1 1173 834 100 103
1 1166 837 100 103
1 1159 839 100 103
1 1151 840 100 106
1 1142 843 103 103
1 1134 844 104 106
1 1125 846 106 106
1 1117 849 106 106
1 1110 850 106 109
1 1101 853 106 109
1 1095 855 106 109
1 1086 857 106 109
1 1078 858 106 109
1 1070 862 106 109
1 1060 863 110 112
1 1052 866 110 112
1 1043 867 112 112
1 1033 870 112 112
1 1024 871 113 113
1 1015 874 115 113
1 1005 875 117 116
1 996 879 117 116
1 987 879 117 116
1 977 883 119 117
1 966 884 120 116
1 957 887 123 117
1 947 890 123 120
1 938 891 123 120
1 926 896 125 120
1 917 898 126 120
1 906 900 126 120
1 896 903 128 121
1 886 906 130 122
1 873 910 132 122
1 863 912 133 124
1 853 914 135 124
1 843 916 135 126
1 833 919 135 128
1 821 922 137 128
1 809 924 140 128
1 798 926 140 128
1 787 930 140 128
1 775 932 143 131
1 763 934 145 131
1 750 937 147 133
1 740 940 147 133
1 728 943 149 133
1 716 946 149 133
1 703 949 153 130
1 692 952 153 127
1 678 953 156 126
1 666 956 157 123
1 652 959 160 120
1 639 961 162 118
1 628 964 161 115
1 616 968 161 111
1 602 970 165 109
1 588 973 168 106
1 575 976 168 103
1 563 979 170 100
1 548 982 172 97
1 534 986 174 93
1 520 989 175 90
1 506 991 178 88
1 490 994 180 85
1 478 997 180 82
1 464 999 182 80
1 447 1005 185 74
1 432 1007 187 72
1 418 1010 189 69
1 404 1013 190 66
1 388 1016 192 63
1 375 1020 192 59
1 359 1023 195 56
1 344 1027 196 52
1 328 1030 199 49
1 310 1032 202 47
1 297 1037 202 42
0
0
0
0
0
0
0
0
0
0
0
0
0
0
0
0
0
0
0
0
0
0
0
0
0
0
0
0
0
0
0
0
0
0
0
0
0
0
0
0
0
0
0
0
0
0
0
0
0
0
0
0
0
0
0
0
0
0
0
0
0
0
0
0
0
0
0
0
0
0
0
0
0
0
0
0
0
0
0
0
0
0
0
0
0
0
0
0
0
0
0
0
0
0
0
0
0
0
0
0
0
0
0
0
0
0
0
0
0
0
0
0
0
0
0
0
0
0
0
0
0
0
0
0
0
0
0
0
0
0
0
0
0
0
0
0
0
0
0
0
0
0
0
0
0
0
0
0
0
0
0
0
0
0
0
0
0
0
0
0
0
1 0 586 17 77
1 0 585 22 83
1 0 585 28 83
1 0 585 37 83
1 0 583 46 88
1 0 583 51 88
1 0 583 58 92
1 0 582 66 96
1 0 585 73 96
1 0 585 80 96
1 3 583 83 100
1 10 586 85 100
1 17 588 85 100
1 25 590 86 100
1 32 591 86 100
1 37 591 88 103
1 45 595 88 103
1 51 595 88 103
1 58 596 88 103
1 67 597 88 103
1 75 597 88 103
1 82 602 88 103
1 90 603 88 103
1 96 605 91 103
1 103 606 92 103
1 111 607 93 103
1 117 608 96 107
1 124 612 96 104
1 134 613 96 104
1 142 613 96 107
1 151 616 96 107
1 156 618 96 107
1 164 618 97 108
1 174 621 97 108
1 182 624 97 108
1 190 624 100 110
1 199 627 98 108
1 206 628 102 110
1 215 631 103 111
1 225 632 103 111
1 233 635 103 111
1 241 635 107 113
1 252 637 105 113
1 260 639 106 113
1 268 642 107 113
1 278 644 107 113
1 287 646 110 116
1 296 646 110 116
1 305 650 110 116
1 313 653 113 116
1 322 654 115 118
1 332 655 115 118
1 341 659 115 118
1 352 661 115 118
1 362 664 117 121
1 373 666 118 119
1 382 666 121 122
1 393 667 121 126
1 402 672 123 123
1 413 674 123 123
1 424 677 124 124
1 434 679 126 124
1 445 683 127 126
1 456 685 128 128
1 467 688 129 128
1 481 691 128 130
1 490 693 133 132
1 502 695 135 132
1 514 698 135 132
1 526 701 135 132
1 537 704 137 132
1 548 706 139 135
1 562 709 139 135
1 573 711 143 138
1 587 714 143 138
1 598 717 145 140
1 611 721 148 141
1 624 725 148 141
1 638 729 148 141
1 651 731 152 144
1 665 734 155 147
1 681 736 155 147
1 693 743 157 146
1 707 744 159 151
1 721 748 163 151
1 736 752 163 152
1 752 756 163 152
1 765 759 168 154
1 781 764 171 154
1 797 767 173 156
1 813 772 175 156
1 830 776 175 156
1 845 778 179 162
1 862 783 183 162
1 880 788 183 162
1 897 791 185 164
1 914 796 190 167
1 933 800 192 171
1 952 805 192 171
1 968 809 200 171
1 988 814 200 171
1 1006 819 204 174
1 1026 824 207 176
1 1046 830 209 176
1 1066 834 214 181
1 1088 838 214 184
1 1107 845 220 184
1 1131 851 220 184
1 1152 856 226 184
1 1173 862 231 187
1 1196 868 233 189
1 1217 873 237 192
1 1242 878 239 195
1 1264 884 245 195
1 1289 891 249 188
1 1314 897 253 181
1 1341 903 255 176
1 1365 910 261 170
1 1392 915 264 164
1 1419 926 266 153
1 1444 932 275 147
1 1473 937 277 142
1 1498 945 286 134
1 1526 951 291 128
1 1556 958 295 121
1 1588 965 297 114
1 1615 974 304 105
1 1646 982 273 97
1 1677 987 242 92
1 1710 994 210 85
1 1744 1004 175 75
1 1776 1011 143 68
1 1811 1019 108 59
0
0
0
0
0
0
0
0
0
0
0
0
0
0
0
0
0
0
0
0
0
0
0
0
